0.333003 0.304108 1.52656 0.193894 0.0414604 1.56522 -0.0393347 0.0941299 1.51593 -0.112301 -0.0358729 1.01727
0.333003 0.304108 1.52656 0.193894 0.0414604 1.56522 -0.0393347 0.0941299 1.51593 -0.112301 -0.0358729 1.01727
0.407221 0.250729 1.57285 0.212351 0.0456894 1.57071 -0.0405666 0.0950937 1.51259 -0.107105 -0.038845 1.02053
0.457657 0.19101 1.61762 0.226998 0.0398263 1.57799 -0.0420423 0.0954163 1.50991 -0.103706 -0.0434103 1.02343
0.485748 0.139709 1.65238 0.234539 0.0283395 1.58397 -0.0431247 0.0958007 1.50882 -0.101898 -0.047692 1.02581
0.501748 0.106637 1.6713 0.237078 0.020637 1.58755 -0.0437509 0.0958794 1.50756 -0.101124 -0.0505644 1.02705
0.510914 0.0963273 1.67985 0.239349 0.0164464 1.58935 -0.0442484 0.0964913 1.50714 -0.100702 -0.0514924 1.02764
0.513371 0.100468 1.67849 0.238402 0.0162681 1.58923 -0.0443787 0.0971113 1.50884 -0.100642 -0.0511212 1.02774
0.511967 0.1149 1.67275 0.237459 0.0205435 1.58837 -0.0433193 0.0967339 1.5097 -0.10061 -0.0497793 1.02729
0.506709 0.141045 1.66306 0.236882 0.0267145 1.58544 -0.0428638 0.0957947 1.51106 -0.100962 -0.0479099 1.0268
0.492615 0.17614 1.64848 0.234123 0.0368233 1.58207 -0.0428999 0.0960894 1.51347 -0.101647 -0.0448985 1.02566
0.471065 0.216928 1.63143 0.232094 0.0472721 1.57729 -0.0425378 0.0965747 1.51565 -0.102934 -0.041263 1.0246
0.441696 0.255946 1.61254 0.226912 0.0575134 1.57203 -0.0417675 0.0966837 1.51673 -0.104969 -0.0376374 1.0232
0.411362 0.287217 1.59449 0.22055 0.0637019 1.56721 -0.0406088 0.0969987 1.51536 -0.107003 -0.0347713 1.02163
0.378959 0.313478 1.57519 0.214326 0.0694181 1.56354 -0.0398498 0.097127 1.5176 -0.108881 -0.0324714 1.02014
0.34466 0.33543 1.55448 0.208609 0.0744356 1.55813 -0.0387815 0.0964431 1.51785 -0.11076 -0.0308334 1.01815
0.309833 0.351012 1.53507 0.201935 0.0766938 1.5524 -0.0399144 0.0953008 1.51727 -0.113623 -0.0303747 1.01626
0.278614 0.361867 1.51709 0.194373 0.0800067 1.54703 -0.0396079 0.0956249 1.5173 -0.115839 -0.0295539 1.0148
0.249136 0.368273 1.50126 0.189036 0.0807958 1.54219 -0.0399279 0.0955891 1.51696 -0.118002 -0.0289379 1.01356
0.21811 0.369043 1.4865 0.18017 0.0769084 1.53694 -0.0403949 0.0953401 1.51691 -0.120473 -0.029417 1.01214
0.192074 0.366565 1.47421 0.173303 0.0721427 1.53414 -0.0396878 0.0955834 1.51494 -0.122294 -0.0298787 1.01106
0.170063 0.361604 1.46388 0.166778 0.0684867 1.53127 -0.040428 0.0962639 1.51421 -0.124322 -0.0301041 1.01017
0.152438 0.35633 1.45516 0.162477 0.064685 1.52994 -0.0397725 0.0962302 1.51225 -0.125568 -0.0305716 1.00932
0.143233 0.35118 1.44783 0.160673 0.0600233 1.52913 -0.0402927 0.0955419 1.51218 -0.12644 -0.0314226 1.00885
0.136737 0.347551 1.44276 0.157543 0.0572614 1.52744 -0.0408133 0.0955045 1.51216 -0.127177 -0.0321137 1.00877
0.134623 0.344672 1.4393 0.155331 0.0551443 1.5261 -0.0404187 0.0953448 1.51237 -0.127331 -0.0325612 1.00867
