0.36381 0.310126 1.51825 0.222428 0.0491311 1.542 -0.0285322 0.0923475 1.49843 -0.103827 -0.0345733 1.00975
0.436347 0.255045 1.55627 0.239018 0.0475062 1.5472 -0.0292238 0.0930626 1.49818 -0.0984735 -0.0383796 1.01264
0.487272 0.18457 1.58751 0.248214 0.0393099 1.5543 -0.0301336 0.0942921 1.49542 -0.0952868 -0.0432295 1.01529
0.517902 0.123219 1.61205 0.252503 0.0272011 1.55978 -0.0309666 0.095193 1.49442 -0.0935795 -0.0477501 1.01711
0.532241 0.0759084 1.62983 0.251479 0.013942 1.56183 -0.0314571 0.0960712 1.49306 -0.0929974 -0.0515143 1.01832
0.541961 0.050453 1.63649 0.250031 0.00319955 1.56274 -0.0318134 0.0984375 1.49434 -0.0927056 -0.0528901 1.01936
0.546461 0.0472004 1.63506 0.248426 -0.0020871 1.56248 -0.0316831 0.0979095 1.49568 -0.0926475 -0.0533198 1.01942
0.546988 0.0640218 1.62932 0.248258 -0.000853607 1.56151 -0.0316582 0.0981731 1.49779 -0.0926703 -0.0519153 1.01908
0.539727 0.0965703 1.61844 0.247768 0.00347367 1.55971 -0.0302704 0.0971553 1.49896 -0.0928423 -0.0496508 1.01838
0.524565 0.137897 1.60458 0.247082 0.0128668 1.55664 -0.0297948 0.0958916 1.50074 -0.0940826 -0.0463862 1.01765
0.496089 0.188163 1.58406 0.245066 0.0249047 1.55239 -0.0284621 0.0944918 1.50232 -0.0958262 -0.0423139 1.01607
0.496089 0.188163 1.58406 0.245066 0.0249047 1.55239 -0.0284621 0.0944918 1.50232 -0.0958262 -0.0423139 1.01607
0.455044 0.238406 1.56127 0.242263 0.0369249 1.54821 -0.0276955 0.0935334 1.50277 -0.0983816 -0.0384471 1.01433
0.410159 0.279211 1.5397 0.236171 0.0481404 1.54334 -0.0262276 0.0937861 1.50473 -0.100994 -0.034681 1.01274
0.362421 0.310888 1.51815 0.227283 0.0556899 1.53766 -0.026496 0.09422 1.50584 -0.104349 -0.0318186 1.01112
0.310013 0.334439 1.4959 0.219145 0.0622382 1.53376 -0.0267905 0.0938938 1.50547 -0.107783 -0.030581 1.00928
0.265387 0.347661 1.47715 0.207395 0.0650183 1.5278 -0.0261277 0.0942184 1.50588 -0.110709 -0.0296609 1.00769
0.228594 0.352444 1.46267 0.197581 0.0634493 1.52309 -0.0262904 0.0951731 1.50587 -0.113249 -0.029143 1.00636
0.205141 0.351892 1.45085 0.190543 0.0600705 1.51944 -0.0254033 0.0951969 1.50511 -0.114386 -0.0294936 1.00516
0.195033 0.348909 1.44172 0.185892 0.0560693 1.51604 -0.0269274 0.0949258 1.50471 -0.115489 -0.0303254 1.00434
0.191638 0.345347 1.43447 0.183522 0.0512652 1.51272 -0.0272619 0.0942827 1.50462 -0.115937 -0.0314235 1.00378
0.19048 0.342313 1.43 0.180869 0.0487886 1.51044 -0.0285689 0.0934812 1.50481 -0.116548 -0.0324191 1.00334
0.18972 0.341071 1.42742 0.179339 0.0476657 1.50902 -0.0283495 0.0925063 1.50435 -0.116722 -0.0331193 1.00333
0.18639 0.340222 1.42577 0.179968 0.0466171 1.51027 -0.029756 0.0924742 1.50469 -0.117455 -0.0335621 1.00334
