0.332555 0.306441 1.52879 0.218007 0.0453833 1.54265 -0.0293682 0.0943527 1.48826 -0.105163 -0.0352535 1.00445
0.411519 0.244992 1.57289 0.235595 0.0372394 1.54877 -0.0310703 0.095901 1.48682 -0.0997179 -0.0396579 1.00783
0.464296 0.18212 1.60811 0.245338 0.0271587 1.55404 -0.0316806 0.0984123 1.48578 -0.096196 -0.0437947 1.01048
0.493072 0.135446 1.62804 0.247184 0.0155069 1.55561 -0.0327859 0.100346 1.48438 -0.0949332 -0.0468524 1.01167
0.493072 0.135446 1.62804 0.247184 0.0155069 1.55561 -0.0327859 0.100346 1.48438 -0.0949332 -0.0468524 1.01167
0.509419 0.120177 1.63461 0.24868 0.00932554 1.55614 -0.0339354 0.100318 1.48306 -0.0945709 -0.048394 1.01199
0.512057 0.130711 1.62958 0.248439 0.00837004 1.55372 -0.0334415 0.100162 1.48342 -0.0947697 -0.0474979 1.01146
0.501978 0.160039 1.61532 0.246289 0.014601 1.54943 -0.0322176 0.0986263 1.48425 -0.0955274 -0.0452301 1.01051
0.477817 0.20389 1.59239 0.244182 0.025951 1.54407 -0.0311818 0.0971587 1.48586 -0.0969029 -0.0419168 1.00889
0.439705 0.248244 1.56619 0.239709 0.0363613 1.53884 -0.0302203 0.0949172 1.48794 -0.0993174 -0.0392075 1.00706
0.395839 0.288091 1.53955 0.235425 0.0478093 1.53291 -0.0278869 0.0937838 1.48923 -0.101343 -0.0363869 1.00511
0.348856 0.318396 1.51611 0.226875 0.0566665 1.52696 -0.0256706 0.0935773 1.49049 -0.10396 -0.0337225 1.00338
0.348856 0.318396 1.51611 0.226875 0.0566665 1.52696 -0.0256706 0.0935773 1.49049 -0.10396 -0.0337225 1.00338
0.300203 0.340563 1.49584 0.218107 0.0636085 1.52139 -0.0248638 0.0936694 1.492 -0.106873 -0.0317489 1.00208
0.255931 0.354242 1.47923 0.211679 0.0677612 1.518 -0.0233766 0.0939314 1.49163 -0.10931 -0.030493 1.0009
0.183125 0.361237 1.44974 0.195816 0.0667885 1.51204 -0.020655 0.0931122 1.48951 -0.113075 -0.0302512 0.997852
0.155535 0.358021 1.43861 0.189887 0.0648696 1.51161 -0.0211464 0.0931759 1.4868 -0.115197 -0.030529 0.996699
0.136989 0.353995 1.43174 0.186359 0.0616909 1.51105 -0.0217245 0.0928949 1.48713 -0.11663 -0.0311701 0.99595
0.120349 0.346337 1.41975 0.182278 0.0545375 1.50945 -0.022107 0.0933665 1.48508 -0.1177 -0.0321479 0.994951
0.118258 0.343566 1.41558 0.181762 0.0519229 1.50925 -0.0231471 0.0934987 1.48291 -0.118269 -0.0326589 0.994178
0.121566 0.342839 1.41395 0.181439 0.0499686 1.50913 -0.0241364 0.0931122 1.48177 -0.118433 -0.0335049 0.994066
0.124034 0.341625 1.41239 0.181208 0.0480164 1.50872 -0.0240528 0.0929232 1.48208 -0.118058 -0.0341377 0.993966
0.126544 0.342016 1.41279 0.180702 0.0472224 1.50847 -0.0235771 0.094097 1.48326 -0.117543 -0.0338953 0.994278
