0.372637 0.289411 1.62831 0.225842 0.0496089 1.56216 -0.0392678 0.0987797 1.48787 -0.105276 -0.035895 1.01012
0.372637 0.289411 1.62831 0.225842 0.0496089 1.56216 -0.0392678 0.0987797 1.48787 -0.105276 -0.035895 1.01012
0.423925 0.23964 1.65169 0.234679 0.0429833 1.56368 -0.0404943 0.101212 1.48758 -0.101729 -0.0388613 1.01185
0.459606 0.193633 1.66781 0.239195 0.0338019 1.56419 -0.0411996 0.102065 1.48618 -0.0991977 -0.0426233 1.013
0.482 0.160459 1.68104 0.241908 0.0270927 1.56369 -0.0409275 0.101786 1.48393 -0.0973115 -0.0458625 1.01338
0.49479 0.142275 1.68628 0.242331 0.0222673 1.56259 -0.0410647 0.101327 1.48232 -0.0964306 -0.048033 1.01337
0.497271 0.14282 1.68347 0.240218 0.0205616 1.56063 -0.0407979 0.100889 1.4818 -0.0963398 -0.0484829 1.01309
0.490837 0.161909 1.67145 0.237345 0.0223238 1.55719 -0.0400708 0.100055 1.48284 -0.0967499 -0.0473073 1.01217
0.471755 0.195682 1.65212 0.234008 0.026187 1.55357 -0.0394881 0.0995039 1.48493 -0.0979064 -0.0450746 1.01129
0.43924 0.241344 1.6251 0.230017 0.0373071 1.54774 -0.0378417 0.0993239 1.48806 -0.0997543 -0.0410263 1.00943
0.393895 0.282503 1.59335 0.224423 0.0463733 1.54304 -0.0357919 0.097221 1.49029 -0.102405 -0.0378648 1.00745
0.338551 0.316072 1.56067 0.217065 0.0538134 1.54022 -0.0341921 0.0959316 1.49221 -0.105961 -0.0350665 1.00522
0.275322 0.336869 1.52657 0.211046 0.0598765 1.54013 -0.0325709 0.0959716 1.494 -0.109786 -0.0327077 1.00318
0.214567 0.344351 1.4983 0.20225 0.0631162 1.53885 -0.0306107 0.0954382 1.49366 -0.113501 -0.0317605 1.00152
0.164415 0.345967 1.47797 0.194961 0.0646682 1.53727 -0.0289624 0.095001 1.49328 -0.116495 -0.0315033 1.00024
0.129123 0.3451 1.46378 0.188986 0.0631999 1.53472 -0.0267984 0.0943677 1.49296 -0.118148 -0.0317995 0.999208
0.129123 0.3451 1.46378 0.188986 0.0631999 1.53472 -0.0267984 0.0943677 1.49296 -0.118148 -0.0317995 0.999208
0.108569 0.343501 1.45544 0.185365 0.0595404 1.53201 -0.0270248 0.0941076 1.49288 -0.119596 -0.032297 0.998518
0.10349 0.344775 1.45105 0.183645 0.0569063 1.52959 -0.0276522 0.0933613 1.49204 -0.120582 -0.0325354 0.99785
0.102426 0.346151 1.44812 0.182596 0.0541387 1.52694 -0.0272422 0.0929256 1.49048 -0.120672 -0.0326994 0.997208
0.103887 0.347636 1.4475 0.182365 0.051282 1.52414 -0.0269351 0.093044 1.48946 -0.120518 -0.0326853 0.996989
