0.331972 0.324559 1.52641 0.217605 0.0621989 1.54432 -0.0288066 0.0933922 1.50235 -0.106378 -0.0327396 1.01355
0.395112 0.289479 1.56775 0.230173 0.0621276 1.55217 -0.0298383 0.0937656 1.49894 -0.102432 -0.0351576 1.01655
0.445553 0.2508 1.60082 0.241313 0.059674 1.55927 -0.0307322 0.0948299 1.49672 -0.0992959 -0.0372709 1.01901
0.476733 0.214356 1.62349 0.245938 0.0522492 1.56388 -0.0316733 0.0960835 1.49599 -0.0975584 -0.0395379 1.02092
0.493997 0.192572 1.63644 0.248343 0.0461591 1.56674 -0.0325625 0.096753 1.49663 -0.0966056 -0.0412635 1.0221
0.502895 0.180733 1.63968 0.248593 0.0409038 1.56727 -0.0321663 0.0990278 1.49793 -0.0954789 -0.0419619 1.02231
0.502895 0.180733 1.63968 0.248593 0.0409038 1.56727 -0.0321663 0.0990278 1.49793 -0.0954789 -0.0419619 1.02231
0.502702 0.179966 1.63636 0.246355 0.037744 1.56679 -0.0320533 0.0975452 1.49894 -0.0956024 -0.0426998 1.02193
0.497622 0.191906 1.62707 0.244617 0.0382441 1.56449 -0.0314189 0.0959705 1.501 -0.0955703 -0.0427539 1.02122
0.485376 0.212471 1.61146 0.242377 0.042135 1.5615 -0.0307713 0.0944861 1.50227 -0.0963718 -0.0416059 1.02015
0.462826 0.23712 1.59264 0.237435 0.0436708 1.55734 -0.0302026 0.0933433 1.50406 -0.0979128 -0.0401852 1.0187
0.432537 0.265943 1.57143 0.232102 0.0485721 1.55199 -0.0286647 0.0929926 1.50376 -0.0996774 -0.0378985 1.01663
0.399676 0.292063 1.55134 0.226866 0.0527331 1.54721 -0.0289328 0.0908624 1.50471 -0.102183 -0.0365161 1.01475
0.361556 0.313391 1.52892 0.219766 0.0556043 1.54192 -0.0279482 0.0898009 1.50493 -0.104769 -0.0351427 1.01254
0.321275 0.329787 1.50634 0.212332 0.0585097 1.53593 -0.0272386 0.0892979 1.50541 -0.107283 -0.0338289 1.01048
0.28204 0.33908 1.48675 0.20421 0.0582939 1.53076 -0.0257357 0.0901353 1.50493 -0.109795 -0.0322943 1.00885
0.245845 0.342936 1.46937 0.196112 0.0549776 1.52773 -0.0265553 0.0905177 1.50616 -0.112569 -0.0317972 1.0074
0.215916 0.344194 1.45467 0.189604 0.0538397 1.52499 -0.0263753 0.0905712 1.50662 -0.114317 -0.0319291 1.00617
0.194352 0.342141 1.44193 0.182474 0.0503595 1.52106 -0.0257687 0.0908275 1.50671 -0.115491 -0.0323032 1.00491
0.180025 0.339496 1.43166 0.174277 0.0474155 1.51746 -0.0243747 0.0918059 1.50829 -0.115978 -0.0322954 1.00412
0.17129 0.337269 1.42373 0.168966 0.0456423 1.51527 -0.0243952 0.0914694 1.5073 -0.116823 -0.0323183 1.00362
0.165123 0.333763 1.41848 0.165758 0.0426032 1.51433 -0.0255872 0.0907952 1.50635 -0.117759 -0.0332245 1.0031
0.161253 0.331013 1.41512 0.164252 0.0407739 1.51333 -0.0261759 0.090266 1.50502 -0.118411 -0.0341949 1.00264
