0.338457 0.315141 1.53118 0.213309 0.0633522 1.55324 -0.0294443 0.0903352 1.50543 -0.10707 -0.0344618 1.01465
0.414148 0.265624 1.58204 0.231945 0.0636404 1.56073 -0.0300128 0.0915778 1.50503 -0.101408 -0.0373507 1.01847
0.466641 0.209131 1.62401 0.244761 0.0581956 1.56961 -0.0299031 0.0932906 1.50347 -0.0972975 -0.0409246 1.02204
0.497452 0.161186 1.65205 0.249628 0.0485403 1.57693 -0.0302934 0.0943183 1.50255 -0.0953 -0.0443461 1.02444
0.514984 0.131901 1.66745 0.25173 0.0383592 1.58093 -0.0317339 0.0962064 1.50199 -0.0945493 -0.046457 1.02587
0.524575 0.121706 1.67245 0.252628 0.0318198 1.58301 -0.0315767 0.0977071 1.50274 -0.0937435 -0.0470213 1.02619
0.525529 0.127978 1.66422 0.250393 0.029475 1.58301 -0.0318005 0.0977709 1.50416 -0.0940705 -0.0464844 1.02628
0.515776 0.153518 1.64945 0.247839 0.0316803 1.57982 -0.0324934 0.0968143 1.50599 -0.0952183 -0.0448683 1.02516
0.493475 0.191412 1.62708 0.243117 0.0373972 1.5755 -0.031552 0.0949061 1.50762 -0.0967563 -0.0424752 1.02335
0.461242 0.23217 1.60247 0.237472 0.044033 1.57172 -0.0313194 0.0940351 1.50917 -0.0988175 -0.0401079 1.02136
0.422031 0.26962 1.57969 0.230095 0.0504084 1.56745 -0.0307194 0.0926704 1.51133 -0.101783 -0.0374012 1.01967
0.37948 0.300852 1.55826 0.22286 0.0562331 1.56127 -0.0294505 0.0922375 1.51295 -0.10443 -0.034868 1.01805
0.333202 0.326702 1.53784 0.215312 0.0617371 1.55597 -0.0289414 0.0924148 1.51378 -0.107341 -0.0325925 1.01619
0.28815 0.343429 1.51963 0.20477 0.0638404 1.55047 -0.0278677 0.0924793 1.51521 -0.110047 -0.0312294 1.01459
0.247802 0.353329 1.50489 0.195264 0.065505 1.54666 -0.0266781 0.0926904 1.5144 -0.112448 -0.0303884 1.01334
0.247802 0.353329 1.50489 0.195264 0.065505 1.54666 -0.0266781 0.0926904 1.5144 -0.112448 -0.0303884 1.01334
0.178689 0.357169 1.48269 0.178125 0.0623105 1.54054 -0.0274815 0.092086 1.51113 -0.117828 -0.0308763 1.01054
0.178689 0.357169 1.48269 0.178125 0.0623105 1.54054 -0.0274815 0.092086 1.51113 -0.117828 -0.0308763 1.01054
0.152473 0.356483 1.47472 0.172087 0.0597883 1.53784 -0.0285077 0.0912315 1.51034 -0.120248 -0.031579 1.00963
0.134551 0.355036 1.46827 0.166807 0.0575037 1.53511 -0.0295544 0.0911837 1.51008 -0.121912 -0.0320419 1.00895
0.12416 0.352478 1.46317 0.162051 0.0553166 1.53272 -0.0302918 0.0911898 1.50966 -0.123027 -0.0325154 1.00826
0.118704 0.350146 1.45927 0.160425 0.0540015 1.5316 -0.0310188 0.0906291 1.50722 -0.123548 -0.0334114 1.00773
