0.355454 0.295309 1.49845 0.215561 0.0473933 1.53939 -0.0308066 0.0936528 1.50478 -0.105686 -0.0358691 1.01152
0.428462 0.241587 1.53718 0.232534 0.0444391 1.54361 -0.0330904 0.0957224 1.50266 -0.100944 -0.0388054 1.01464
0.477218 0.181963 1.56919 0.2419 0.0362777 1.54775 -0.0345726 0.0979707 1.50186 -0.0977406 -0.0427088 1.01704
0.477218 0.181963 1.56919 0.2419 0.0362777 1.54775 -0.0345726 0.0979707 1.50186 -0.0977406 -0.0427088 1.01704
0.506881 0.132884 1.59307 0.246712 0.0257835 1.55104 -0.0346969 0.0997128 1.50068 -0.0955682 -0.0461003 1.01842
0.521149 0.104246 1.60628 0.24717 0.0179057 1.55306 -0.0350643 0.100424 1.50081 -0.0947481 -0.0483118 1.01941
0.527909 0.0950537 1.60997 0.24709 0.0119452 1.5531 -0.034282 0.0999194 1.50101 -0.0940776 -0.0495333 1.01937
0.529128 0.10346 1.60721 0.247456 0.0107607 1.55228 -0.0332581 0.100412 1.5016 -0.0936222 -0.0487961 1.01901
0.501205 0.168697 1.57918 0.243893 0.020978 1.54715 -0.0314677 0.099233 1.50607 -0.0952245 -0.0436185 1.01743
0.501205 0.168697 1.57918 0.243893 0.020978 1.54715 -0.0314677 0.099233 1.50607 -0.0952245 -0.0436185 1.01743
0.434619 0.252082 1.53813 0.233929 0.0399064 1.53892 -0.0280969 0.0956355 1.50827 -0.0990002 -0.0378615 1.01424
0.434619 0.252082 1.53813 0.233929 0.0399064 1.53892 -0.0280969 0.0956355 1.50827 -0.0990002 -0.0378615 1.01424
0.39145 0.287034 1.51834 0.22837 0.0479284 1.53376 -0.0264517 0.0940974 1.51003 -0.10148 -0.0354228 1.01276
0.344907 0.313729 1.50089 0.221043 0.0539366 1.53025 -0.0247342 0.0929454 1.51189 -0.104189 -0.0333772 1.0117
0.297795 0.33359 1.48558 0.213096 0.0587162 1.5269 -0.0229855 0.0923426 1.5118 -0.106818 -0.0318474 1.01035
0.254358 0.34577 1.47195 0.201872 0.0596201 1.52252 -0.0217444 0.0930219 1.51098 -0.109637 -0.0305548 1.00884
0.213393 0.350581 1.45991 0.19432 0.058966 1.5203 -0.0211363 0.0930817 1.50957 -0.112396 -0.030009 1.00792
0.180956 0.349158 1.45054 0.185728 0.0541955 1.51959 -0.0209986 0.0930499 1.50988 -0.114684 -0.0303771 1.00722
0.155611 0.347406 1.44284 0.177343 0.0505779 1.51901 -0.0215721 0.0928124 1.51009 -0.116792 -0.0308398 1.00673
0.14078 0.341519 1.43393 0.170391 0.0443596 1.51778 -0.0217553 0.0916784 1.50975 -0.117942 -0.0322758 1.00591
0.134243 0.337821 1.42473 0.167842 0.0414052 1.51706 -0.023049 0.0917569 1.50903 -0.119022 -0.0326373 1.00517
0.134243 0.337821 1.42473 0.167842 0.0414052 1.51706 -0.023049 0.0917569 1.50903 -0.119022 -0.0326373 1.00517
0.132678 0.333375 1.41775 0.164717 0.0380389 1.51581 -0.0237978 0.0920632 1.5075 -0.119729 -0.0330011 1.00463
