0.339319 0.323744 1.52143 0.215748 0.054768 1.53928 -0.0285466 0.0929806 1.49556 -0.104947 -0.0339488 1.0077
0.417293 0.266763 1.56064 0.233007 0.0552884 1.54678 -0.0298207 0.09389 1.49541 -0.0995135 -0.0374633 1.01072
0.475987 0.20273 1.59724 0.248196 0.0483846 1.55484 -0.0303583 0.0957029 1.49394 -0.0952936 -0.0415496 1.01371
0.509068 0.140998 1.62413 0.253305 0.0350432 1.56048 -0.0316336 0.0967356 1.49218 -0.0934516 -0.0463712 1.01584
0.527164 0.0964261 1.64285 0.254353 0.0222462 1.56348 -0.032892 0.0975898 1.49141 -0.0927778 -0.0503203 1.01727
0.537679 0.0684114 1.6511 0.253006 0.0121451 1.56412 -0.0334366 0.0995067 1.4924 -0.0927191 -0.0520832 1.01812
0.543196 0.0600391 1.65323 0.251399 0.00608575 1.5633 -0.0332278 0.10032 1.49341 -0.0925415 -0.0524375 1.01838
0.543196 0.0600391 1.65323 0.251399 0.00608575 1.5633 -0.0332278 0.10032 1.49341 -0.0925415 -0.0524375 1.01838
0.544009 0.0709715 1.64844 0.249657 0.00403725 1.5624 -0.0322831 0.100493 1.49432 -0.0925702 -0.0511728 1.01792
0.541691 0.0946519 1.63967 0.249005 0.00840781 1.56063 -0.0314624 0.0980912 1.4953 -0.0927643 -0.0496794 1.0173
0.530177 0.128372 1.6261 0.24622 0.0146274 1.55878 -0.0305047 0.0959606 1.49542 -0.0934622 -0.0477776 1.01604
0.509027 0.171608 1.60791 0.244144 0.023169 1.55527 -0.0295885 0.0957878 1.49811 -0.0947824 -0.0441435 1.01475
0.480025 0.215076 1.58742 0.24292 0.0326747 1.55036 -0.0281335 0.0946731 1.49849 -0.096318 -0.0404631 1.01304
0.445097 0.254017 1.56447 0.240179 0.0411869 1.54619 -0.0265725 0.0934535 1.49843 -0.0981638 -0.0375353 1.01131
0.406062 0.287063 1.54305 0.233715 0.0490992 1.54135 -0.0259213 0.0920522 1.499 -0.100644 -0.0354493 1.00939
0.365606 0.313493 1.5224 0.227823 0.0558578 1.53685 -0.0243976 0.0915344 1.50038 -0.102612 -0.0336331 1.00767
0.325201 0.332011 1.50469 0.221134 0.060288 1.53248 -0.0219319 0.0913511 1.50002 -0.104412 -0.0320753 1.00604
0.28747 0.344379 1.48906 0.214688 0.0621656 1.52949 -0.0224025 0.0903513 1.49828 -0.107322 -0.0310817 1.00453
0.25145 0.349171 1.47647 0.205625 0.0604973 1.52526 -0.0214401 0.0906088 1.49759 -0.109488 -0.0305938 1.00332
0.217986 0.352271 1.46434 0.196546 0.0587253 1.52191 -0.0207611 0.0908976 1.49689 -0.111535 -0.0303362 1.00195
0.189507 0.350712 1.45371 0.191133 0.0560431 1.52185 -0.0198179 0.0910785 1.49665 -0.113001 -0.0305405 1.00121
0.170328 0.345387 1.44517 0.187444 0.0508466 1.52316 -0.0196126 0.0916082 1.4985 -0.11404 -0.0311137 1.0012
0.161034 0.34367 1.43785 0.184851 0.0489199 1.52233 -0.0200598 0.0922583 1.50022 -0.114547 -0.0314009 1.00087
0.159461 0.341443 1.43019 0.183254 0.0465959 1.52058 -0.0204808 0.0920563 1.4997 -0.114726 -0.0322112 1.00026
0.160762 0.338433 1.42491 0.182299 0.0435885 1.52 -0.0209441 0.0919341 1.50003 -0.114714 -0.0329881 0.999958
0.161531 0.334381 1.42206 0.18094 0.0397892 1.51914 -0.0210158 0.0920379 1.49895 -0.114846 -0.0336926 0.999606
