0.325581 0.325782 1.50281 0.214695 0.0629933 1.53304 -0.0320534 0.0913865 1.50751 -0.10844 -0.0336666 1.01302
0.394196 0.284883 1.54147 0.226379 0.0634251 1.5382 -0.0325291 0.0926796 1.50614 -0.103576 -0.0360945 1.01547
0.449343 0.237459 1.57651 0.238608 0.0596682 1.5441 -0.0341063 0.0947082 1.50463 -0.0999853 -0.0388158 1.01804
0.483963 0.196028 1.60307 0.24515 0.0518155 1.54962 -0.0349961 0.0967336 1.50303 -0.097858 -0.0414321 1.0201
0.502861 0.163527 1.62154 0.247849 0.0399163 1.55297 -0.0369643 0.0971395 1.50214 -0.0973202 -0.0443075 1.02134
0.514524 0.142867 1.63301 0.249552 0.0319247 1.55534 -0.0363651 0.0975632 1.50187 -0.0966589 -0.0457572 1.02254
0.519734 0.131399 1.63691 0.248575 0.0255181 1.55723 -0.0367014 0.0972401 1.50147 -0.0967976 -0.0465719 1.02283
0.519306 0.1319 1.63661 0.247187 0.0228747 1.55797 -0.0362387 0.0968267 1.50239 -0.0969779 -0.0464805 1.02304
0.514694 0.142444 1.63302 0.245143 0.0232952 1.55763 -0.0355881 0.0955351 1.50246 -0.0972304 -0.0460998 1.02254
0.504551 0.161621 1.62432 0.241897 0.0259628 1.55699 -0.0341795 0.0949855 1.50373 -0.0975069 -0.0448454 1.02197
0.487153 0.189158 1.61263 0.238344 0.0287693 1.55503 -0.0327828 0.0948728 1.5062 -0.0982778 -0.0427578 1.02159
0.464622 0.222003 1.59891 0.235006 0.0356592 1.55225 -0.0317587 0.0942661 1.50836 -0.0993148 -0.0403509 1.02059
0.436605 0.254623 1.5834 0.231017 0.0429835 1.54934 -0.0304663 0.0929734 1.50873 -0.10067 -0.0383607 1.01929
0.403204 0.285135 1.56722 0.225807 0.0497831 1.546 -0.0294645 0.0916582 1.50985 -0.102483 -0.0365447 1.01796
0.36784 0.310531 1.54971 0.219894 0.0558566 1.54283 -0.0281314 0.0911345 1.51122 -0.104448 -0.0346322 1.01643
0.36784 0.310531 1.54971 0.219894 0.0558566 1.54283 -0.0281314 0.0911345 1.51122 -0.104448 -0.0346322 1.01643
0.330353 0.330411 1.53068 0.215141 0.0595069 1.54012 -0.026699 0.0910726 1.51382 -0.106393 -0.0328535 1.01537
0.293723 0.343434 1.51373 0.209438 0.0613149 1.53742 -0.0262294 0.0903428 1.51499 -0.108586 -0.0320584 1.01429
0.257719 0.349214 1.4965 0.200512 0.0595653 1.53356 -0.0253574 0.0895809 1.51509 -0.110919 -0.0321573 1.01306
0.224564 0.350474 1.4808 0.193515 0.0577349 1.53171 -0.0247133 0.0902133 1.51392 -0.113069 -0.0318134 1.01167
0.195581 0.348177 1.46661 0.184124 0.0530309 1.53021 -0.0241458 0.0899391 1.513 -0.115235 -0.0320456 1.01078
0.173672 0.344882 1.45293 0.175274 0.0498137 1.52896 -0.024048 0.0890482 1.51419 -0.116909 -0.0326032 1.00979
0.159026 0.339562 1.43997 0.169547 0.0466941 1.52781 -0.0238937 0.0886742 1.51525 -0.117922 -0.0333925 1.00903
0.155409 0.332939 1.42975 0.166488 0.0428425 1.5275 -0.0239774 0.0895369 1.51575 -0.118092 -0.0340324 1.00856
0.155009 0.327302 1.42189 0.164232 0.0397574 1.52685 -0.0237921 0.0904408 1.51606 -0.117904 -0.0344949 1.00841
0.15487 0.323247 1.41673 0.162888 0.0374842 1.52696 -0.0244802 0.0905016 1.51665 -0.118063 -0.0351394 1.00826
