0.352676 0.305553 1.55454 0.213321 0.0533309 1.54909 -0.0314657 0.0909617 1.50839 -0.106707 -0.0361306 1.01724
0.406134 0.269721 1.5834 0.2251 0.0496513 1.55595 -0.0317335 0.0912107 1.50837 -0.102843 -0.0386174 1.01955
0.445924 0.231923 1.60721 0.23305 0.0441998 1.56114 -0.0327722 0.0919487 1.50768 -0.100466 -0.0412307 1.02173
0.468746 0.199847 1.62406 0.234991 0.0365527 1.56344 -0.0336105 0.0931088 1.50688 -0.0991993 -0.0436091 1.0231
0.482129 0.177398 1.6341 0.234957 0.0295544 1.56527 -0.0347086 0.0945825 1.5062 -0.0988263 -0.0450488 1.02377
0.48925 0.167679 1.63946 0.235837 0.0248867 1.56556 -0.0347125 0.0946525 1.50579 -0.098714 -0.0455938 1.02411
0.489444 0.167267 1.63742 0.23472 0.0221124 1.56657 -0.0348672 0.094106 1.50616 -0.0988815 -0.0456845 1.02391
0.484726 0.173749 1.63394 0.232031 0.022062 1.56675 -0.03428 0.092735 1.50695 -0.0991055 -0.0458307 1.02374
0.476279 0.190103 1.62724 0.230816 0.024433 1.56568 -0.0334866 0.0917509 1.50777 -0.0993087 -0.0450949 1.02302
0.462179 0.212995 1.61591 0.228894 0.0298508 1.56342 -0.0326552 0.0910716 1.50913 -0.099961 -0.0434264 1.02191
0.441563 0.237315 1.60336 0.226961 0.0330871 1.56208 -0.03134 0.0918183 1.51032 -0.100976 -0.0409742 1.02082
