0.00291222 -0.286181 1.18011 0.159248 -0.145715 1.38826 0.0416964 0.101002 1.40367 -0.0894521 -0.0814342 0.93656
-0.0203531 -0.221212 1.18393 0.16684 -0.136394 1.39064 0.041285 0.101564 1.4022 -0.0906831 -0.076562 0.93647
-0.0300194 -0.165482 1.19471 0.176972 -0.124277 1.39848 0.0416728 0.100779 1.40407 -0.0907897 -0.0722558 0.937865
-0.0375343 -0.115232 1.20693 0.184876 -0.110125 1.40257 0.0417768 0.104265 1.40446 -0.090474 -0.0669621 0.939369
-0.0410612 -0.0727194 1.2189 0.19159 -0.0979573 1.40538 0.0424146 0.106779 1.40187 -0.089828 -0.0624593 0.940128
-0.0410612 -0.0727194 1.2189 0.19159 -0.0979573 1.40538 0.0424146 0.106779 1.40187 -0.089828 -0.0624593 0.940128
-0.0476806 -0.0358656 1.22772 0.193252 -0.08616 1.40214 0.0432384 0.10712 1.39917 -0.0896641 -0.059239 0.940279
-0.0457279 -0.00743413 1.23889 0.199716 -0.0770032 1.40426 0.0433244 0.10895 1.3956 -0.088912 -0.0564154 0.940938
-0.0469128 0.0171316 1.24587 0.202509 -0.067043 1.40149 0.0430433 0.109526 1.39403 -0.0889851 -0.053972 0.941182
-0.0465263 0.0342858 1.25315 0.206951 -0.0581889 1.40015 0.0420308 0.109847 1.39077 -0.0891329 -0.0522564 0.941824
-0.0422012 0.0459792 1.26045 0.213724 -0.0520509 1.40179 0.0408072 0.110742 1.38778 -0.0888782 -0.0508689 0.94261
-0.0387157 0.0566832 1.2666 0.217943 -0.048024 1.40318 0.041173 0.112861 1.3874 -0.0880433 -0.0493497 0.943264
