0.0119996 -0.294693 1.1885 0.14978 -0.156675 1.40738 0.0478745 0.103023 1.41315 -0.0860524 -0.0823503 0.944159
-0.0101349 -0.220733 1.1912 0.158017 -0.149737 1.4118 0.0482299 0.103778 1.41275 -0.0867479 -0.07706 0.944683
-0.0263819 -0.153338 1.19718 0.161489 -0.139233 1.41345 0.0490099 0.102565 1.41361 -0.0872071 -0.0725995 0.944892
-0.029779 -0.0981289 1.21074 0.170821 -0.127193 1.41978 0.0497831 0.103745 1.4129 -0.0864728 -0.0679684 0.946159
-0.0333806 -0.0470333 1.22338 0.175378 -0.116733 1.4186 0.0498476 0.10367 1.40988 -0.0865374 -0.0638769 0.946901
-0.0324811 -0.00767904 1.24673 0.182038 -0.104447 1.42593 0.0500052 0.103186 1.40525 -0.0862236 -0.0607031 0.948645
-0.0269043 0.0211067 1.25862 0.194124 -0.0953785 1.42515 0.050607 0.104173 1.40178 -0.0851272 -0.0577258 0.949261
-0.0232558 0.0435475 1.26873 0.203267 -0.0868684 1.42282 0.050321 0.103556 1.39884 -0.0845735 -0.0559946 0.949452
-0.0252835 0.0643001 1.27759 0.207573 -0.0768856 1.41541 0.04972 0.105868 1.39656 -0.0847722 -0.0530808 0.949841
-0.026741 0.0789995 1.28539 0.211934 -0.0687725 1.40866 0.0503178 0.108306 1.39533 -0.0844435 -0.0502695 0.950284
-0.026741 0.0789995 1.28539 0.211934 -0.0687725 1.40866 0.0503178 0.108306 1.39533 -0.0844435 -0.0502695 0.950284
-0.024552 0.0883698 1.29205 0.219103 -0.0622071 1.40466 0.0505385 0.10743 1.38949 -0.0837701 -0.0491923 0.949941
-0.0201159 0.0976001 1.29479 0.22381 -0.0576508 1.403 0.0480164 0.107488 1.38434 -0.0844595 -0.0479621 0.949783
