0.0309628 -0.331458 1.18101 0.142367 -0.159263 1.40029 0.0467421 0.101068 1.40757 -0.0834204 -0.0865773 0.940321
0.0217077 -0.272305 1.18471 0.162762 -0.145427 1.413 0.047232 0.101864 1.40829 -0.0826532 -0.0812968 0.941667
0.0217077 -0.272305 1.18471 0.162762 -0.145427 1.413 0.047232 0.101864 1.40829 -0.0826532 -0.0812968 0.941667
0.0106586 -0.21389 1.19731 0.158536 -0.136526 1.43106 0.0479668 0.101645 1.40913 -0.0833489 -0.0767238 0.943674
-0.00299617 -0.158272 1.19485 0.170498 -0.131293 1.42373 0.0474334 0.10253 1.40906 -0.083503 -0.0727403 0.943091
-0.0115976 -0.110988 1.21129 0.175131 -0.118003 1.42941 0.0488749 0.101692 1.40861 -0.0830375 -0.0692894 0.944053
-0.0151491 -0.0694562 1.22587 0.182259 -0.105971 1.43232 0.0488561 0.104396 1.40525 -0.0826238 -0.0649482 0.944535
-0.0173426 -0.033903 1.23884 0.18973 -0.0987642 1.43211 0.0489068 0.105211 1.4032 -0.0820328 -0.0620083 0.945097
-0.0186825 -0.00267341 1.25189 0.194634 -0.0944791 1.43165 0.0494819 0.105597 1.40191 -0.081598 -0.0595482 0.94604
-0.0208988 0.0216379 1.26305 0.197583 -0.0899006 1.42975 0.0495844 0.105975 1.40086 -0.0815916 -0.0574307 0.946923
-0.0212234 0.0407675 1.27327 0.201345 -0.08715 1.42661 0.0485641 0.105838 1.39962 -0.0818394 -0.0562031 0.947945
-0.017331 0.0560329 1.27493 0.207332 -0.0857352 1.42066 0.0484159 0.106119 1.39832 -0.0814009 -0.0550565 0.948071
-0.0146877 0.0670942 1.27788 0.211766 -0.0838223 1.41707 0.0479822 0.106579 1.3993 -0.0810648 -0.0544068 0.948492
-0.0146877 0.0670942 1.27788 0.211766 -0.0838223 1.41707 0.0479822 0.106579 1.3993 -0.0810648 -0.0544068 0.948492
-0.0128855 0.0754923 1.28098 0.214695 -0.0828671 1.41357 0.0488635 0.106657 1.39784 -0.0803616 -0.0538914 0.948166
