0.0796479 -0.296117 1.22814 0.174683 -0.121637 1.45072 0.0391607 0.100711 1.40449 -0.0834514 -0.0812083 0.943381
0.0620679 -0.2427 1.22782 0.175684 -0.115454 1.46134 0.0388986 0.0987574 1.40551 -0.0847489 -0.0782552 0.943925
0.0474923 -0.195231 1.22519 0.197902 -0.102152 1.45681 0.0394029 0.0986546 1.4073 -0.0841357 -0.0744018 0.943655
0.030761 -0.150385 1.22187 0.210219 -0.0915583 1.44715 0.0397116 0.100508 1.40949 -0.0841959 -0.0701619 0.943306
0.0171624 -0.108132 1.23349 0.211858 -0.0807621 1.44767 0.0402818 0.10161 1.41066 -0.0844421 -0.0665197 0.944275
0.00955037 -0.0691126 1.24482 0.219111 -0.0692484 1.44732 0.0414433 0.102481 1.40904 -0.0837792 -0.063102 0.944968
0.00354752 -0.0373064 1.2564 0.226662 -0.058742 1.44591 0.042981 0.101473 1.40677 -0.0829998 -0.0609941 0.945302
-0.00110001 -0.0121073 1.26656 0.23238 -0.0508257 1.44307 0.0428883 0.100803 1.4036 -0.0827334 -0.0598018 0.945435
-0.00302977 0.00758488 1.27635 0.23884 -0.0423712 1.44228 0.0425261 0.103463 1.40462 -0.0823405 -0.0574408 0.946401
-0.00397299 0.0236826 1.28506 0.244887 -0.0353934 1.44082 0.0437079 0.107683 1.40364 -0.0813804 -0.0541911 0.947332
-0.0050034 0.0357634 1.29252 0.248126 -0.0316287 1.43799 0.0448021 0.107413 1.40172 -0.0807424 -0.0529408 0.947528
-0.00536093 0.0439952 1.2983 0.250399 -0.0293163 1.43664 0.0460217 0.108151 1.40158 -0.0799752 -0.0521277 0.948163
-0.00580437 0.0484265 1.30162 0.251755 -0.0279304 1.43469 0.0460762 0.108329 1.40023 -0.0797483 -0.051801 0.948004
