0.0077054 -0.298303 1.1967 0.146926 -0.15467 1.41646 0.0431779 0.102575 1.41928 -0.0877168 -0.084278 0.946452
-0.0169084 -0.234326 1.20117 0.155299 -0.146207 1.41991 0.0433987 0.102655 1.41858 -0.0889667 -0.079195 0.946954
-0.03036 -0.176604 1.21131 0.161628 -0.140384 1.42787 0.04383 0.101707 1.4195 -0.0895389 -0.0752034 0.948378
-0.0476159 -0.123619 1.21733 0.160925 -0.129532 1.42433 0.0434464 0.104397 1.41998 -0.0907904 -0.0700804 0.948602
-0.042838 -0.0863492 1.23347 0.171822 -0.122363 1.43733 0.0439607 0.105487 1.41788 -0.0896522 -0.0665774 0.950302
-0.0442207 -0.051734 1.24276 0.176372 -0.11234 1.43903 0.0442135 0.10596 1.41615 -0.0893386 -0.0635744 0.951076
-0.0476698 -0.0217819 1.2537 0.178241 -0.105242 1.43814 0.0441709 0.106936 1.41682 -0.089292 -0.060845 0.95157
-0.0473773 -0.00013414 1.26476 0.183381 -0.0981098 1.43912 0.0442955 0.108327 1.41245 -0.0888871 -0.0583112 0.952135
-0.0418806 0.0151893 1.27498 0.191149 -0.0926743 1.44335 0.0430611 0.109449 1.41062 -0.0886343 -0.0564158 0.953286
-0.0382114 0.0276725 1.28328 0.196711 -0.0878091 1.4459 0.0412553 0.111214 1.4127 -0.088976 -0.0543919 0.954757
-0.0357954 0.0377067 1.28973 0.200555 -0.0845355 1.44656 0.0412987 0.112534 1.41307 -0.088529 -0.0529057 0.955656
-0.035463 0.0451605 1.2958 0.203486 -0.0804544 1.44689 0.0408615 0.112225 1.41305 -0.0884211 -0.0523324 0.956221
