0.00852927 -0.323075 1.17581 0.133973 -0.156589 1.38648 0.0344939 0.107208 1.41385 -0.0945377 -0.0828099 0.947786
-0.016618 -0.250437 1.17984 0.146231 -0.146857 1.39418 0.0345676 0.109357 1.41556 -0.0954494 -0.0762266 0.948856
-0.0377535 -0.181488 1.18675 0.151322 -0.135637 1.39783 0.0356664 0.106644 1.41548 -0.0962665 -0.0719775 0.94909
-0.0475688 -0.121325 1.19942 0.157656 -0.12505 1.40364 0.0360906 0.105847 1.41585 -0.0964114 -0.0682261 0.950006
-0.0561509 -0.0709327 1.21278 0.162711 -0.112175 1.40409 0.0376837 0.108105 1.41292 -0.0962372 -0.0633258 0.950404
-0.0650627 -0.0290606 1.22557 0.165505 -0.0978803 1.40056 0.0388515 0.108443 1.41023 -0.0963352 -0.0594494 0.950929
-0.0703379 0.00427393 1.23747 0.168643 -0.0847197 1.39735 0.0388043 0.110478 1.40742 -0.0967355 -0.055648 0.951769
-0.065005 0.02506 1.25099 0.179345 -0.0745498 1.40249 0.0383645 0.109594 1.40377 -0.0960694 -0.0537249 0.952305
-0.065005 0.02506 1.25099 0.179345 -0.0745498 1.40249 0.0383645 0.109594 1.40377 -0.0960694 -0.0537249 0.952305
-0.0605065 0.0410402 1.26183 0.188436 -0.0658749 1.40489 0.0383308 0.108905 1.40261 -0.0953265 -0.0525519 0.953159
-0.0574496 0.05242 1.26984 0.194875 -0.0593744 1.40614 0.0380034 0.108177 1.4008 -0.0948051 -0.0519496 0.953563
-0.0584368 0.0633125 1.2764 0.197651 -0.0524848 1.40381 0.0367627 0.109009 1.40114 -0.0952541 -0.050622 0.954011
-0.0546149 0.0746396 1.28938 0.196941 -0.0490723 1.40944 0.0355906 0.109632 1.40008 -0.0953144 -0.0496257 0.955133
