0.0108641 -0.336088 1.18137 0.145316 -0.150592 1.37615 0.0385696 0.106146 1.41859 -0.0900851 -0.0858982 0.948156
-0.00918216 -0.280083 1.18093 0.160361 -0.141172 1.37998 0.0380509 0.106636 1.41784 -0.0911066 -0.0808964 0.948172
-0.0285319 -0.219669 1.18356 0.168204 -0.134271 1.3829 0.037852 0.103351 1.41591 -0.113844 -0.168022 0.946659
-0.037185 -0.166005 1.1926 0.17716 -0.123238 1.39012 0.0388015 0.102927 1.41277 -0.0920465 -0.0739246 0.94837
-0.0335781 -0.0780237 1.23247 0.1947 -0.0825868 1.41403 0.0391177 0.102788 1.40966 -0.0902198 -0.0661815 0.951555
-0.0316335 -0.0167085 1.25566 0.208092 -0.0560667 1.41931 0.0391056 0.104184 1.40566 -0.0891667 -0.0601799 0.952712
-0.0349127 0.00692582 1.26604 0.210429 -0.0476395 1.41712 0.0389658 0.10595 1.40426 -0.0891096 -0.0573642 0.953308
-0.036399 0.0266315 1.27384 0.212217 -0.0405679 1.41458 0.0383272 0.106828 1.40284 -0.0891183 -0.0553954 0.953778
-0.036399 0.0266315 1.27384 0.212217 -0.0405679 1.41458 0.0383272 0.106828 1.40284 -0.0891183 -0.0553954 0.953778
-0.0370583 0.0430696 1.27973 0.211701 -0.0395728 1.41353 0.0361735 0.107003 1.40021 -0.0843786 -0.15268 0.957539
-0.0403693 0.0548577 1.2779 0.213138 -0.0399615 1.4082 0.0337681 0.109395 1.38609 -0.0910785 -0.0522016 0.95261
-0.0424625 0.0625036 1.27743 0.214261 -0.0395769 1.4049 0.0328329 0.108938 1.38641 -0.0922053 -0.0509754 0.952883
-0.0443924 0.0677254 1.27867 0.214798 -0.0396981 1.40235 0.0325514 0.109852 1.39095 -0.0927406 -0.0499791 0.953498
