0.00712677 -0.273384 1.19709 0.160535 -0.128631 1.40716 0.0407527 0.112131 1.40572 -0.0883659 -0.076667 0.943376
-0.017547 -0.215671 1.19835 0.166127 -0.123565 1.40802 0.0408475 0.11343 1.40836 -0.0897072 -0.0720695 0.944027
-0.0426362 -0.109215 1.21014 0.172754 -0.113395 1.41064 0.0413793 0.112588 1.40359 -0.0905708 -0.0653204 0.943999
-0.0498013 -0.0658631 1.22035 0.17411 -0.106789 1.4112 0.0417099 0.113498 1.40449 -0.0908967 -0.0616142 0.944763
-0.0512313 -0.0297193 1.23097 0.177196 -0.0978495 1.41379 0.0418028 0.113269 1.40214 -0.0906117 -0.0589368 0.94575
-0.0549041 0.00340737 1.2396 0.176728 -0.0882893 1.41166 0.0407525 0.112677 1.39847 -0.0912882 -0.0567079 0.945724
-0.0527733 0.0244526 1.25073 0.182436 -0.079728 1.41512 0.0396336 0.113106 1.39529 -0.0914914 -0.0544628 0.946346
-0.0473231 0.0405792 1.26139 0.18915 -0.0741896 1.41998 0.03972 0.111985 1.39242 -0.0908921 -0.0531537 0.946904
-0.0452702 0.0543671 1.26964 0.192619 -0.0690853 1.42153 0.0389729 0.113559 1.39076 -0.0908742 -0.0512761 0.947677
-0.0424197 0.0641575 1.27627 0.195823 -0.0663732 1.42314 0.0381684 0.114837 1.38932 -0.0907771 -0.0498812 0.948284
-0.0402608 0.0715956 1.28079 0.197559 -0.0647178 1.42416 0.0376296 0.113836 1.38695 -0.0907772 -0.049596 0.948519
-0.0389992 0.0761261 1.28356 0.198606 -0.0641016 1.42429 0.0370673 0.111921 1.38409 -0.0908346 -0.0501735 0.948622
