0.0181966 -0.273881 1.2321 0.16945 -0.110696 1.42715 0.0332548 0.10353 1.41677 -0.0922035 -0.0782399 0.956555
-0.00469391 -0.226639 1.22562 0.17729 -0.10855 1.42442 0.0339457 0.102935 1.41661 -0.0931328 -0.075169 0.955974
-0.0266388 -0.178828 1.22252 0.179276 -0.106617 1.41964 0.0344641 0.103887 1.41681 -0.094393 -0.0712482 0.955502
-0.0430501 -0.129598 1.22451 0.180568 -0.0999353 1.41501 0.0340928 0.104313 1.41627 -0.0956477 -0.0673341 0.955372
-0.0500285 -0.0819438 1.24316 0.183885 -0.0891215 1.42005 0.0348054 0.103602 1.41447 -0.0954363 -0.0642075 0.956794
-0.0517711 -0.043724 1.25873 0.190264 -0.0774306 1.42272 0.0351565 0.104675 1.41325 -0.0948283 -0.0609444 0.957936
-0.0504796 -0.012106 1.27079 0.196116 -0.0668182 1.42304 0.0360528 0.104903 1.41112 -0.0938133 -0.0584907 0.958754
-0.047957 0.0133694 1.28099 0.20244 -0.0576758 1.42411 0.0363142 0.105946 1.40844 -0.0929407 -0.0560535 0.959191
-0.047957 0.0133694 1.28099 0.20244 -0.0576758 1.42411 0.0363142 0.105946 1.40844 -0.0929407 -0.0560535 0.959191
-0.0465816 0.0323947 1.28916 0.206623 -0.0501915 1.42281 0.0355872 0.107759 1.40725 -0.0926811 -0.0537107 0.959658
-0.047088 0.0483247 1.28864 0.209921 -0.0468756 1.41667 0.0356873 0.108663 1.40616 -0.0921819 -0.0523873 0.959099
-0.0473399 0.0583332 1.28834 0.212328 -0.0441852 1.41242 0.0361399 0.109759 1.40496 -0.0916543 -0.051374 0.958832
-0.0473423 0.0646877 1.28884 0.214149 -0.0423257 1.40994 0.0360189 0.110194 1.40293 -0.0916306 -0.0505375 0.958682
