0.0165919 -0.333968 1.19025 0.149773 -0.148014 1.38627 0.0410442 0.10489 1.40405 -0.0881862 -0.0846752 0.938004
0.0040957 -0.279046 1.19363 0.167933 -0.133842 1.39633 0.0410096 0.104357 1.40401 -0.0882991 -0.079964 0.938517
-0.0189716 -0.217025 1.1932 0.174342 -0.125554 1.39464 0.0409429 0.105416 1.40421 -0.0895939 -0.0747339 0.938344
-0.0347298 -0.162143 1.19372 0.177767 -0.113778 1.39243 0.0413939 0.106628 1.40345 -0.0901995 -0.0699781 0.938409
-0.0395107 -0.112974 1.19985 0.184157 -0.100264 1.3959 0.0419797 0.106608 1.40152 -0.0897779 -0.0661141 0.938785
-0.0424781 -0.0681541 1.20898 0.190042 -0.0866367 1.39781 0.042259 0.109488 1.40298 -0.0893351 -0.0614456 0.939747
-0.0400456 -0.03528 1.23016 0.199214 -0.0691637 1.40696 0.0429393 0.110165 1.39945 -0.0881006 -0.0579828 0.94109
-0.0342322 -0.00915796 1.24563 0.20712 -0.0570776 1.4157 0.0438076 0.110846 1.39538 -0.0865718 -0.0557908 0.942502
-0.0267122 0.0123551 1.25135 0.218463 -0.0504871 1.41805 0.0434262 0.110953 1.39224 -0.0854371 -0.0542292 0.942832
-0.0226607 0.0311203 1.25567 0.224429 -0.0454489 1.41821 0.0435686 0.11168 1.38998 -0.0845522 -0.0527638 0.942933
-0.0259935 0.0478376 1.25694 0.22227 -0.0422516 1.41334 0.0436352 0.112904 1.38972 -0.0845505 -0.0513892 0.942951
-0.0242306 0.0579938 1.26121 0.22428 -0.0415492 1.41367 0.0427937 0.111366 1.38508 -0.0846032 -0.0513287 0.942651
-0.0216752 0.0634356 1.26549 0.227451 -0.0405554 1.41573 0.0419384 0.111556 1.38139 -0.0847624 -0.0508149 0.942531
