0.0291162 -0.331117 1.20537 0.150778 -0.151759 1.41229 0.0445171 0.101694 1.42273 -0.0854074 -0.0861795 0.94802
0.00743419 -0.268901 1.20867 0.166889 -0.140366 1.41945 0.0451689 0.102276 1.42367 -0.0856447 -0.0810237 0.948644
-0.0151492 -0.206274 1.21135 0.174317 -0.131511 1.41915 0.0459296 0.100581 1.42397 -0.0866502 -0.0767118 0.948926
-0.0313452 -0.149234 1.21733 0.179238 -0.120509 1.41794 0.0469296 0.0979863 1.42226 -0.0872503 -0.0733848 0.948945
-0.0393423 -0.103439 1.22746 0.185935 -0.109227 1.41924 0.0477565 0.103417 1.42148 -0.0870777 -0.067521 0.949824
-0.0333973 -0.0681429 1.24059 0.198617 -0.0990489 1.42835 0.0480169 0.104525 1.42085 -0.0857014 -0.0635857 0.951586
-0.0309182 -0.0395249 1.24995 0.208083 -0.087401 1.43041 0.0482443 0.103818 1.41868 -0.0849136 -0.0613168 0.951894
-0.0314743 -0.0144271 1.25758 0.21261 -0.080085 1.42843 0.0475048 0.102572 1.41485 -0.085011 -0.0600903 0.951994
-0.0333329 0.00558081 1.26558 0.216518 -0.071909 1.42531 0.048041 0.102508 1.41296 -0.0847228 -0.0585824 0.952146
-0.0378431 0.0239568 1.27151 0.216132 -0.065442 1.41975 0.0482646 0.103954 1.41253 -0.0848695 -0.0565699 0.95246
-0.0397815 0.0364009 1.27745 0.218138 -0.0595694 1.41627 0.0485166 0.104406 1.41106 -0.0846451 -0.0553232 0.952328
-0.0388664 0.0449503 1.28237 0.222033 -0.0539785 1.41505 0.0484264 0.105204 1.40605 -0.0843633 -0.0541649 0.952545
-0.0407119 0.0510361 1.28628 0.223865 -0.0479015 1.41256 0.0471972 0.10566 1.40464 -0.0849264 -0.0531205 0.952778
