0.0239266 -0.262833 1.21867 0.179547 -0.138923 1.4268 0.050292 0.104039 1.41485 -0.0831578 -0.0770935 0.946925
0.00466348 -0.192425 1.22065 0.190435 -0.130187 1.42758 0.0511921 0.105277 1.41555 -0.0836946 -0.0710911 0.947488
-0.00747705 -0.131626 1.22888 0.20017 -0.117444 1.42806 0.0519939 0.106436 1.41669 -0.0835979 -0.0655917 0.948092
-0.0208349 -0.0284019 1.25958 0.214338 -0.0874372 1.42441 0.0539184 0.104907 1.41089 -0.0828568 -0.0583269 0.949453
-0.0185775 0.00753532 1.26791 0.223378 -0.0778237 1.41927 0.0548661 0.105255 1.4053 -0.0816867 -0.0554635 0.949089
-0.021407 0.0641289 1.28272 0.228009 -0.059581 1.40373 0.0516437 0.106514 1.3855 -0.0827081 -0.0502192 0.947789
-0.0163243 0.0843626 1.28513 0.230415 -0.0554202 1.39888 0.0500076 0.105499 1.38072 -0.0832849 -0.048715 0.947589
-0.0142541 0.0976454 1.28801 0.232362 -0.0512308 1.39465 0.0486299 0.104022 1.37724 -0.0839373 -0.0478839 0.947472
-0.0135316 0.107338 1.29033 0.233352 -0.0474382 1.39104 0.046469 0.107349 1.37667 -0.0850795 -0.0452272 0.948152
-0.0133897 0.11292 1.29284 0.234436 -0.0450353 1.3885 0.0443042 0.109952 1.37542 -0.0859846 -0.0429796 0.948775
-0.0135842 0.116986 1.2952 0.234716 -0.0437745 1.38638 0.0430677 0.110252 1.3748 -0.0866055 -0.0420824 0.94924
-0.0148502 0.118695 1.29551 0.234238 -0.0427869 1.38437 0.0433243 0.110177 1.37431 -0.0867353 -0.0418724 0.949463
