0.023823 -0.304707 1.20065 0.159704 -0.141451 1.41186 0.0434364 0.104965 1.41573 -0.0860293 -0.0822674 0.945172
0.00118674 -0.246128 1.20219 0.171005 -0.130792 1.41447 0.0425334 0.10561 1.41506 -0.0872766 -0.077556 0.945265
-0.0166639 -0.188769 1.20714 0.178015 -0.121439 1.41699 0.0429784 0.105443 1.41446 -0.0879454 -0.0732715 0.945408
-0.0225112 -0.139971 1.21918 0.187429 -0.114345 1.42587 0.0436303 0.105269 1.41329 -0.1149 -0.163025 0.947376
-0.0276688 -0.097307 1.2324 0.194969 -0.104396 1.43101 0.0439172 0.105807 1.41211 -0.0871904 -0.0663342 0.947433
-0.0384787 -0.0572637 1.24164 0.195191 -0.0932551 1.42708 0.0437189 0.106872 1.4113 -0.0878107 -0.0628438 0.94796
-0.0441644 -0.025018 1.2509 0.19731 -0.081704 1.42484 0.0441653 0.108519 1.40929 -0.0876075 -0.0596166 0.948482
-0.0411142 -0.00223707 1.26209 0.206181 -0.0709096 1.42751 0.0441871 0.110635 1.40783 -0.0867815 -0.0565753 0.949337
-0.0411142 -0.00223707 1.26209 0.206181 -0.0709096 1.42751 0.0441871 0.110635 1.40783 -0.0867815 -0.0565753 0.949337
-0.0380855 0.0154691 1.27058 0.213454 -0.0619314 1.42868 0.0431829 0.110652 1.40531 -0.0864835 -0.0547385 0.949871
-0.0360187 0.0292227 1.2774 0.218955 -0.0552138 1.42836 0.0427908 0.112844 1.40455 -0.0862328 -0.0524808 0.950472
-0.0334489 0.03864 1.28385 0.225007 -0.0485544 1.42881 0.0423519 0.111885 1.40208 -0.0858213 -0.0516397 0.950483
-0.0323543 0.045509 1.28826 0.228724 -0.0435414 1.42843 0.041069 0.111635 1.3984 -0.0800953 -0.152495 0.957847
