0.0286826 -0.329199 1.18017 0.144827 -0.153171 1.39452 0.043912 0.104449 1.40046 -0.0865147 -0.0846894 0.935934
0.00623759 -0.271136 1.18116 0.158649 -0.145876 1.40025 0.044397 0.105412 1.40084 -0.086992 -0.079886 0.936368
-0.0117014 -0.213748 1.18679 0.168142 -0.137774 1.40543 0.0456627 0.105473 1.40043 -0.0871579 -0.07534 0.936845
-0.0233496 -0.162687 1.19604 0.175232 -0.129148 1.41119 0.0465992 0.104675 1.4021 -0.0871356 -0.0716764 0.937975
-0.0318431 -0.115232 1.20595 0.178802 -0.121519 1.41471 0.0457064 0.103585 1.40241 -0.0877061 -0.0688958 0.938562
-0.0447723 -0.0718264 1.21321 0.178422 -0.109958 1.40821 0.0456176 0.102111 1.40069 -0.0886763 -0.0661901 0.938466
-0.0414078 -0.0403119 1.22788 0.188141 -0.0998869 1.41505 0.0461903 0.102812 1.39847 -0.0877099 -0.0634334 0.939456
-0.0371955 -0.0159089 1.24057 0.198495 -0.0896723 1.41902 0.0468434 0.103891 1.39723 -0.0864577 -0.0607793 0.940714
-0.0339906 0.00428133 1.2512 0.206302 -0.0814868 1.42085 0.0465897 0.105749 1.39522 -0.0858278 -0.0580904 0.941229
-0.0336941 0.0212782 1.25947 0.211332 -0.0733281 1.41944 0.0462936 0.106229 1.39146 -0.0856609 -0.0561142 0.941172
-0.0334231 0.0344681 1.2664 0.215347 -0.0671519 1.41761 0.0460072 0.108068 1.39008 -0.085361 -0.054291 0.941429
-0.0340804 0.0433935 1.27133 0.218088 -0.0613268 1.41603 0.0456227 0.108664 1.3883 -0.0852953 -0.0532115 0.941849
-0.0358415 0.05168 1.27527 0.219156 -0.0565926 1.41307 0.045642 0.108175 1.38656 -0.0853338 -0.0526768 0.941805
