0.00835312 -0.340309 1.18008 0.145563 -0.153247 1.37045 0.0394685 0.108954 1.40278 -0.0908206 -0.0824121 0.939608
-0.00312045 -0.287262 1.18384 0.165256 -0.140172 1.38051 0.0388891 0.10707 1.40235 -0.0910498 -0.0785669 0.940191
-0.0281115 -0.229119 1.18685 0.171667 -0.132795 1.37968 0.0395334 0.104514 1.40247 -0.0923575 -0.0753033 0.940222
-0.0372323 -0.180963 1.19502 0.181178 -0.121071 1.38622 0.0403841 0.104947 1.40337 -0.0923803 -0.0710641 0.941283
-0.0397 -0.135725 1.20713 0.192553 -0.106802 1.39344 0.0394351 0.107766 1.40455 -0.0922376 -0.0662821 0.942942
-0.0509484 -0.0962123 1.21408 0.193471 -0.0933042 1.39043 0.0402318 0.110021 1.40234 -0.0922897 -0.0620681 0.942833
-0.0504791 -0.0600617 1.23338 0.198445 -0.0767724 1.39664 0.0403957 0.112147 1.40143 -0.0917103 -0.0578725 0.944343
-0.0476802 -0.0295589 1.2489 0.204573 -0.0627915 1.40181 0.0402523 0.112896 1.4002 -0.0909616 -0.0549658 0.945702
-0.0452955 -0.00613549 1.25467 0.212603 -0.0558078 1.40282 0.039645 0.113189 1.40067 -0.090398 -0.0530556 0.946744
-0.0482162 0.0147722 1.2583 0.212773 -0.0516538 1.39996 0.0389973 0.114043 1.39873 -0.0908244 -0.0512322 0.946642
-0.0475771 0.0308967 1.26379 0.215204 -0.0480924 1.39988 0.0389242 0.11474 1.39457 -0.0906431 -0.0496498 0.946681
-0.0460701 0.0426782 1.27065 0.218292 -0.0459299 1.40062 0.039006 0.11478 1.39223 -0.0902622 -0.0486226 0.946966
-0.044696 0.0523538 1.27689 0.220388 -0.0444073 1.40157 0.0391455 0.11501 1.39026 -0.0898191 -0.0479415 0.94747
-0.0442432 0.0604579 1.28257 0.221379 -0.0430819 1.402 0.0394387 0.114669 1.38623 -0.089411 -0.0477467 0.947304
