0.18201 -0.380107 1.44854 0.111101 -0.151737 1.63284 0.0297818 0.147851 1.73218 -0.0867404 -0.138578 1.22022
0.198092 -0.341651 1.39618 0.117483 -0.135053 1.60203 0.0297152 0.147407 1.73002 -0.0856523 -0.135829 1.21618
0.213668 -0.291295 1.34401 0.124895 -0.115035 1.57159 0.0291604 0.145658 1.72543 -0.0846079 -0.132825 1.21142
0.22677 -0.239558 1.29553 0.133344 -0.0914224 1.54015 0.0284652 0.144266 1.71939 -0.0836866 -0.12851 1.20711
0.237168 -0.185837 1.25111 0.144418 -0.0660527 1.51048 0.0257361 0.145096 1.71429 -0.0839558 -0.123525 1.20323
0.244895 -0.128607 1.21349 0.156663 -0.0376325 1.48352 0.0226966 0.143805 1.70709 -0.0839283 -0.11912 1.19949
0.244895 -0.128607 1.21349 0.156663 -0.0376325 1.48352 0.0226966 0.143805 1.70709 -0.0839283 -0.11912 1.19949
0.249492 -0.0710893 1.1829 0.167223 -0.00577946 1.45975 0.0211586 0.143904 1.70067 -0.0830937 -0.113058 1.197
0.253365 -0.0110807 1.15638 0.174735 0.0297063 1.43669 0.0165131 0.143563 1.69665 -0.0848001 -0.106065 1.19438
0.254955 0.0437718 1.13516 0.177642 0.0638061 1.41722 0.0132161 0.142296 1.69166 -0.0848175 -0.1011 1.19179
0.255607 0.0964727 1.12099 0.175386 0.0954756 1.4031 0.011421 0.143341 1.68754 -0.0847321 -0.0956927 1.19015
0.254035 0.144951 1.11472 0.171221 0.125278 1.3954 0.00944507 0.144231 1.68491 -0.0855291 -0.0910678 1.1895
0.250582 0.185475 1.11232 0.165508 0.15237 1.39118 0.00729072 0.143263 1.68161 -0.0864623 -0.0884937 1.1891
0.24804 0.221846 1.11151 0.160087 0.173413 1.38747 0.00564369 0.145844 1.67835 -0.0874771 -0.0831941 1.1889
0.241333 0.25137 1.12048 0.146943 0.185213 1.39108 0.00414308 0.146614 1.67667 -0.0942749 -0.0406597 1.15771
0.2363 0.275725 1.1219 0.143749 0.202318 1.38979 0.00382395 0.14636 1.67425 -0.0891393 -0.0774002 1.18956
0.230761 0.294641 1.12861 0.135856 0.208803 1.39346 0.00305366 0.145206 1.67095 -0.0895928 -0.0768996 1.18978
0.224562 0.31058 1.13241 0.130178 0.21493 1.39519 0.00306901 0.147235 1.66888 -0.0961802 -0.0358579 1.1577
0.219904 0.321886 1.13344 0.126957 0.219602 1.39506 0.0021922 0.14725 1.66798 -0.0971334 -0.0348574 1.15772
0.216446 0.328834 1.13521 0.124166 0.222825 1.39616 0.00167616 0.145867 1.66695 -0.097392 -0.0352363 1.15732
