0.182171 -0.353902 1.45806 0.110669 -0.143354 1.65046 0.0342253 0.147157 1.73106 -0.0848889 -0.136092 1.22041
0.192317 -0.322569 1.4169 0.116889 -0.130068 1.62529 0.0349585 0.147553 1.73099 -0.0834581 -0.132983 1.21728
0.203988 -0.281861 1.37445 0.123348 -0.113656 1.59952 0.0350054 0.147456 1.72961 -0.0825812 -0.12972 1.21305
0.214257 -0.236056 1.33218 0.131231 -0.0978051 1.57329 0.0356713 0.14674 1.7267 -0.0817136 -0.126489 1.2096
0.222966 -0.18839 1.29349 0.142743 -0.0774899 1.54836 0.0362385 0.146125 1.72265 -0.0800382 -0.122644 1.2058
0.229036 -0.135079 1.25976 0.153239 -0.0553031 1.5258 0.0362019 0.143407 1.71716 -0.0792001 -0.119522 1.20196
0.233476 -0.0808206 1.23079 0.163915 -0.028008 1.50469 0.0351631 0.141853 1.71245 -0.0787062 -0.115248 1.19855
0.236081 -0.027564 1.20979 0.172749 0.000790085 1.48841 0.0331711 0.142139 1.7071 -0.0786031 -0.110106 1.19673
0.235313 0.0208677 1.19302 0.176873 0.0308743 1.47503 0.0320438 0.142429 1.70322 -0.0786112 -0.104929 1.19529
0.232063 0.0626929 1.18335 0.178143 0.0589179 1.4662 0.0314972 0.14351 1.69966 -0.0788048 -0.100122 1.19397
0.230022 0.100624 1.17856 0.176889 0.0813342 1.46089 0.029526 0.144772 1.69744 -0.0837285 -0.0574454 1.16088
0.226754 0.132908 1.17176 0.175752 0.0991857 1.45409 0.0270488 0.144541 1.6953 -0.080592 -0.093661 1.19263
0.224827 0.15991 1.16739 0.173876 0.111081 1.44802 0.0255232 0.144184 1.69314 -0.0810494 -0.0913501 1.19166
0.222329 0.180529 1.16772 0.171141 0.122224 1.44674 0.0237214 0.143919 1.69177 -0.0816638 -0.0897689 1.1915
0.218569 0.199834 1.16889 0.16786 0.129732 1.4459 0.02313 0.144114 1.69018 -0.0820498 -0.0882236 1.19119
0.215725 0.213781 1.16987 0.166488 0.136022 1.4456 0.0229707 0.14432 1.68946 -0.0819884 -0.0872981 1.19074
0.213113 0.224514 1.16936 0.16519 0.139866 1.44314 0.0227647 0.145337 1.68902 -0.0874416 -0.0462525 1.15851
0.211533 0.237142 1.16591 0.165505 0.147113 1.43862 0.0224821 0.145685 1.68729 -0.0825888 -0.0844496 1.18948
