0.18276 -0.350043 1.43249 0.111541 -0.139486 1.62453 0.0326553 0.147291 1.71374 -0.0852156 -0.136981 1.21462
0.195153 -0.305383 1.38163 0.117746 -0.120913 1.59386 0.033763 0.147617 1.7138 -0.0842216 -0.133124 1.21086
0.20622 -0.255112 1.33418 0.125842 -0.099355 1.56428 0.0340195 0.146832 1.71065 -0.0830536 -0.129711 1.20632
0.214518 -0.200751 1.28921 0.135897 -0.0760328 1.53697 0.0347616 0.149278 1.70824 -0.082266 -0.123902 1.20293
0.221687 -0.142066 1.2503 0.149515 -0.049243 1.511 0.032953 0.148994 1.70356 -0.0821174 -0.118451 1.19917
0.227056 -0.0835618 1.21636 0.160518 -0.0195488 1.4866 0.0315515 0.148298 1.69884 -0.0813791 -0.113519 1.19621
0.229532 -0.023728 1.18917 0.169885 0.0142368 1.46641 0.0294449 0.145955 1.69416 -0.0818645 -0.108836 1.19267
0.231125 0.0337391 1.17072 0.173143 0.0497329 1.45103 0.0272936 0.145418 1.69072 -0.0816143 -0.102889 1.19084
0.232971 0.0870196 1.15915 0.171898 0.0826368 1.44058 0.0263445 0.147308 1.688 -0.0811834 -0.0958833 1.19001
0.233012 0.13503 1.15395 0.16716 0.112354 1.43347 0.0256188 0.145877 1.68587 -0.0816172 -0.0912409 1.1886
0.233012 0.13503 1.15395 0.16716 0.112354 1.43347 0.0256188 0.145877 1.68587 -0.0816172 -0.0912409 1.1886
0.233567 0.208514 1.15094 0.15692 0.15513 1.42394 0.0214138 0.143882 1.68198 -0.0828106 -0.0862332 1.18756
0.233567 0.208514 1.15094 0.15692 0.15513 1.42394 0.0214138 0.143882 1.68198 -0.0828106 -0.0862332 1.18756
0.232923 0.234948 1.15463 0.151404 0.170621 1.42348 0.019903 0.143382 1.68106 -0.0835346 -0.0831938 1.18766
0.229307 0.256112 1.15865 0.147234 0.181166 1.42443 0.017297 0.142714 1.67888 -0.0847144 -0.0819159 1.18769
0.224949 0.270941 1.16038 0.143172 0.19065 1.42491 0.0167737 0.143054 1.67784 -0.0850387 -0.0793879 1.18825
0.222461 0.284041 1.16184 0.1362 0.19153 1.42443 0.0152791 0.143171 1.6772 -0.085938 -0.0788785 1.18801
0.220454 0.293125 1.16377 0.131238 0.192081 1.42458 0.014705 0.142628 1.6761 -0.0861518 -0.0789157 1.18774
