0.197406 -0.352319 1.47835 0.10804 -0.133085 1.64885 0.0303285 0.147027 1.7226 -0.0853774 -0.135287 1.21792
0.209387 -0.306903 1.42218 0.113224 -0.115857 1.61687 0.0310011 0.145782 1.72077 -0.0845096 -0.13179 1.21325
0.219955 -0.255519 1.36854 0.12152 -0.0947278 1.5845 0.0312476 0.145587 1.71852 -0.0838409 -0.127968 1.20834
0.228259 -0.200696 1.31952 0.130489 -0.0712612 1.55432 0.0307585 0.147584 1.71563 -0.0838752 -0.122425 1.20444
0.233926 -0.141706 1.27707 0.141463 -0.0443768 1.52699 0.0288687 0.14719 1.71023 -0.0833945 -0.117533 1.20041
0.236693 -0.0821153 1.24242 0.152853 -0.0146482 1.50382 0.0263141 0.145283 1.70452 -0.0840349 -0.113176 1.19714
0.237901 -0.0236738 1.21513 0.160502 0.0167955 1.48352 0.0247243 0.143719 1.69882 -0.083892 -0.108463 1.19433
0.236179 0.0310832 1.19605 0.164714 0.0512627 1.46904 0.0199885 0.144409 1.69219 -0.0867135 -0.101671 1.19312
0.236179 0.0310832 1.19605 0.164714 0.0512627 1.46904 0.0199885 0.144409 1.69219 -0.0867135 -0.101671 1.19312
0.231945 0.0808408 1.1829 0.164834 0.0811409 1.45706 0.0154274 0.142264 1.68853 -0.0876385 -0.0974093 1.192
0.226928 0.127071 1.17429 0.16128 0.108666 1.44904 0.0134031 0.143145 1.68643 -0.0875466 -0.0924798 1.19109
0.222018 0.164305 1.16954 0.155951 0.130406 1.44457 0.0116088 0.144383 1.68423 -0.0878311 -0.0883689 1.19085
0.216919 0.193602 1.16731 0.150742 0.149056 1.44028 0.0105358 0.145913 1.68246 -0.0880949 -0.0844807 1.19033
0.211816 0.218585 1.1663 0.145187 0.163867 1.43852 0.0104524 0.147888 1.68069 -0.0881162 -0.0815445 1.19008
0.209937 0.237134 1.16141 0.135154 0.167056 1.43217 0.00811357 0.147758 1.67882 -0.08962 -0.0803796 1.18976
0.204857 0.249928 1.16246 0.135825 0.177063 1.43196 0.00849834 0.147478 1.67745 -0.0893881 -0.0793049 1.19047
0.201523 0.259678 1.16303 0.134127 0.184376 1.43165 0.00769381 0.147513 1.67736 -0.089674 -0.0790187 1.18997
0.199056 0.26607 1.1634 0.131907 0.18832 1.4308 0.00785843 0.147015 1.67635 -0.0896252 -0.079444 1.18995
