0.184714 -0.351522 1.46049 0.109198 -0.140353 1.65108 0.0276003 0.145729 1.74747 -0.0884539 -0.136308 1.22936
0.196444 -0.307411 1.40642 0.117118 -0.119816 1.6186 0.0284819 0.146316 1.74549 -0.0865028 -0.132344 1.22441
0.208224 -0.254719 1.35334 0.125864 -0.0990965 1.58673 0.0290737 0.146832 1.74171 -0.0854066 -0.128157 1.21966
0.218368 -0.194219 1.30477 0.137133 -0.0734648 1.55643 0.0290472 0.147406 1.73742 -0.0850144 -0.123096 1.2156
0.224787 -0.130489 1.26596 0.14945 -0.0441091 1.52988 0.0268873 0.146622 1.7333 -0.0851706 -0.117723 1.21164
0.229078 -0.0638442 1.23161 0.160463 -0.00967818 1.50475 0.024795 0.145298 1.72687 -0.084617 -0.112673 1.20875
0.228996 -0.00260783 1.20517 0.167495 0.0281929 1.48366 0.0230941 0.145559 1.72166 -0.0848183 -0.106774 1.2063
0.230232 0.0552939 1.18494 0.169275 0.0656888 1.46622 0.0202809 0.145985 1.71693 -0.0855459 -0.100869 1.20345
0.228557 0.110425 1.17403 0.16598 0.100992 1.45491 0.0177769 0.144377 1.7139 -0.0865431 -0.095845 1.20257
0.227022 0.157422 1.16624 0.161186 0.132965 1.44616 0.0163727 0.144398 1.71124 -0.0872066 -0.0904856 1.20158
0.225053 0.196742 1.1608 0.154722 0.157775 1.43965 0.0146649 0.14384 1.70736 -0.0927562 -0.0465018 1.16984
0.222504 0.230798 1.15856 0.147649 0.178266 1.43454 0.0139512 0.142462 1.70284 -0.0883163 -0.0826781 1.20101
0.21848 0.260168 1.15899 0.141369 0.196167 1.43268 0.0115941 0.143587 1.69959 -0.0946602 -0.0399556 1.16943
0.215786 0.284966 1.16002 0.136023 0.208906 1.43076 0.0110703 0.142522 1.6943 -0.0893882 -0.077887 1.20041
0.211277 0.303323 1.16777 0.126573 0.213623 1.43432 0.0106253 0.141954 1.69188 -0.0900521 -0.0770983 1.20097
0.207951 0.316235 1.17326 0.119814 0.217763 1.43688 0.0103293 0.14093 1.68889 -0.0963545 -0.0369029 1.16971
0.206209 0.324758 1.17569 0.116274 0.22089 1.43759 0.00943202 0.142052 1.68754 -0.0909947 -0.0755847 1.20132
0.204636 0.33085 1.17709 0.111987 0.224048 1.4375 0.00858162 0.142372 1.68662 -0.097177 -0.0351468 1.17026
