0.18264 -0.3572 1.4497 0.114217 -0.143878 1.63884 0.0295592 0.145754 1.73763 -0.0873059 -0.139061 1.2207
0.201906 -0.31094 1.39386 0.122127 -0.125547 1.60528 0.0307496 0.143782 1.73527 -0.0850843 -0.136514 1.21565
0.218755 -0.259242 1.34114 0.130464 -0.10255 1.57157 0.0291882 0.143458 1.73157 -0.0849106 -0.132135 1.21082
0.231863 -0.204386 1.29369 0.140681 -0.0771414 1.54017 0.0283378 0.141689 1.72533 -0.0838961 -0.127821 1.20614
0.241864 -0.144735 1.25271 0.151239 -0.0466727 1.51131 0.0271333 0.141825 1.71867 -0.0828054 -0.121936 1.20258
0.251332 -0.0863189 1.21823 0.161526 -0.0120332 1.48448 0.0243944 0.141993 1.71176 -0.0831569 -0.115312 1.19869
0.257928 -0.0308676 1.19003 0.169716 0.0235557 1.46155 0.0205597 0.140943 1.70656 -0.0838138 -0.109306 1.19596
0.26132 0.0232648 1.1695 0.173012 0.0585004 1.445 0.0170103 0.138828 1.70012 -0.0842639 -0.104091 1.19315
0.263137 0.0743962 1.15479 0.171418 0.0906816 1.4306 0.0149421 0.139059 1.69599 -0.0843185 -0.0982202 1.19179
0.263545 0.1186 1.1449 0.168446 0.120401 1.42071 0.0130655 0.138646 1.69238 -0.0843969 -0.0942428 1.19048
0.263263 0.16025 1.1384 0.164679 0.147813 1.41278 0.0126631 0.138386 1.69 -0.084701 -0.0902223 1.18982
0.26163 0.194974 1.13429 0.160392 0.169489 1.40723 0.0119795 0.140913 1.68649 -0.0846584 -0.0856946 1.18972
0.260551 0.226724 1.13066 0.155412 0.188092 1.40186 0.0109614 0.143081 1.68474 -0.0854119 -0.0817733 1.18926
0.257861 0.254716 1.12915 0.151574 0.203691 1.39779 0.00936389 0.143904 1.68283 -0.0860563 -0.0791461 1.18926
0.25053 0.276699 1.13677 0.140802 0.211286 1.40196 0.00843608 0.144283 1.68105 -0.0929947 -0.0379735 1.15765
0.25053 0.276699 1.13677 0.140802 0.211286 1.40196 0.00843608 0.144283 1.68105 -0.0929947 -0.0379735 1.15765
0.245158 0.294219 1.13899 0.138832 0.223993 1.4031 0.00677331 0.145571 1.67868 -0.0876787 -0.0757139 1.19027
0.241306 0.310154 1.14047 0.136049 0.232015 1.403 0.00557035 0.145702 1.67709 -0.0886092 -0.0735609 1.19065
0.234995 0.319092 1.14715 0.12808 0.233158 1.4081 0.00433432 0.144228 1.67582 -0.0959475 -0.0337518 1.15883
