0.179375 -0.332657 1.43896 0.10919 -0.131937 1.64066 0.0321778 0.144955 1.74181 -0.0859776 -0.133594 1.22326
0.192369 -0.288249 1.38481 0.117126 -0.114768 1.60836 0.031112 0.143534 1.73846 -0.0857601 -0.13133 1.21804
0.203793 -0.239665 1.33701 0.124284 -0.0948552 1.57738 0.0312124 0.143952 1.73509 -0.0842409 -0.128143 1.21352
0.212917 -0.189648 1.29254 0.133759 -0.0725215 1.54761 0.0309763 0.145626 1.73135 -0.0831873 -0.123634 1.20892
0.220392 -0.132299 1.25396 0.147029 -0.0467332 1.52016 0.0309461 0.146129 1.72724 -0.0819757 -0.119061 1.20478
0.226686 -0.074515 1.2218 0.158999 -0.0140541 1.49609 0.0289208 0.146601 1.72138 -0.0816542 -0.113696 1.20154
0.232155 -0.0179636 1.1952 0.167816 0.0195716 1.47527 0.0271226 0.146785 1.71557 -0.0813488 -0.108117 1.19923
0.235207 0.0347123 1.17796 0.170675 0.0537257 1.45916 0.0246724 0.146893 1.71174 -0.0817809 -0.102472 1.1967
0.236994 0.0826188 1.1659 0.16921 0.0854315 1.44748 0.0231478 0.146489 1.70726 -0.0820641 -0.0971213 1.19587
0.236994 0.0826188 1.1659 0.16921 0.0854315 1.44748 0.0231478 0.146489 1.70726 -0.0820641 -0.0971213 1.19587
0.2381 0.165442 1.15182 0.160753 0.140981 1.43144 0.0195487 0.146415 1.70051 -0.0838352 -0.0881974 1.19419
0.237566 0.200407 1.14863 0.156877 0.161391 1.42605 0.0172876 0.146691 1.695 -0.0847208 -0.0839964 1.19407
0.236943 0.229243 1.14625 0.151338 0.180406 1.42123 0.0152958 0.145805 1.69243 -0.0860727 -0.0805208 1.19338
0.228702 0.272712 1.15682 0.135377 0.19894 1.42496 0.0120741 0.143353 1.69021 -0.0935711 -0.0378606 1.16272
0.223981 0.285569 1.16333 0.127501 0.203035 1.42927 0.0111748 0.144336 1.6903 -0.0890751 -0.0763738 1.1958
0.220628 0.296609 1.16663 0.123112 0.206659 1.43076 0.0109846 0.145102 1.68874 -0.0948771 -0.0356335 1.16424
0.220844 0.306553 1.16304 0.125024 0.215208 1.42595 0.0105698 0.145107 1.6868 -0.0948887 -0.0346636 1.16356
0.220677 0.313538 1.15891 0.126567 0.222374 1.42287 0.00966368 0.144431 1.686 -0.0955005 -0.0344591 1.16295
0.219113 0.31731 1.15563 0.127128 0.227792 1.42068 0.00921853 0.143135 1.68468 -0.0955055 -0.0346495 1.16304
