0.181052 -0.349858 1.45911 0.112046 -0.130977 1.64112 0.0350677 0.148322 1.73056 -0.083733 -0.133968 1.221
0.190426 -0.312631 1.4081 0.116852 -0.116598 1.61209 0.0356355 0.148806 1.72966 -0.0823268 -0.130653 1.21664
0.199542 -0.26915 1.3599 0.122504 -0.0971581 1.58241 0.0363446 0.148543 1.72699 -0.0809888 -0.127646 1.21199
0.208728 -0.220654 1.31545 0.130683 -0.076305 1.55462 0.0365124 0.149395 1.72434 -0.0797555 -0.123248 1.20789
0.21778 -0.167504 1.27636 0.141594 -0.0529967 1.52957 0.034131 0.147462 1.71923 -0.0798662 -0.120071 1.20419
0.223371 -0.110565 1.24119 0.153345 -0.0266168 1.50617 0.0331442 0.14713 1.71437 -0.079444 -0.11483 1.20082
0.22972 -0.0540772 1.21161 0.163598 0.0056178 1.4841 0.0317973 0.147666 1.70987 -0.0786087 -0.109111 1.19786
0.233485 0.000778564 1.19016 0.170158 0.0381572 1.46803 0.0300239 0.148451 1.7076 -0.078605 -0.103874 1.19578
0.237081 0.0535569 1.17542 0.171694 0.0720762 1.45562 0.0283993 0.14848 1.70467 -0.0789205 -0.0989207 1.19401
0.239344 0.103275 1.16781 0.171406 0.103229 1.44776 0.0266362 0.148915 1.70232 -0.0790395 -0.0942057 1.19279
0.240121 0.151554 1.16369 0.166454 0.129525 1.44143 0.0251627 0.148432 1.69883 -0.0797724 -0.0901087 1.19242
0.23929 0.192308 1.16174 0.161483 0.152112 1.43681 0.024283 0.148711 1.69545 -0.0801328 -0.0862203 1.19223
0.238044 0.222959 1.16062 0.157694 0.169656 1.43401 0.0227466 0.149196 1.69337 -0.0808603 -0.0831448 1.19194
0.236176 0.24604 1.16238 0.154207 0.182988 1.43317 0.0202597 0.148711 1.6906 -0.0819733 -0.0813322 1.19202
0.236176 0.24604 1.16238 0.154207 0.182988 1.43317 0.0202597 0.148711 1.6906 -0.0819733 -0.0813322 1.19202
0.230145 0.278688 1.16223 0.14774 0.201894 1.43022 0.016873 0.148184 1.68758 -0.0835122 -0.0776907 1.19206
0.226663 0.288069 1.16104 0.146189 0.206354 1.42879 0.016187 0.146949 1.68603 -0.0837683 -0.0776623 1.19144
0.224997 0.29488 1.167 0.142544 0.209899 1.4322 0.0167835 0.146537 1.68557 -0.0841986 -0.0763503 1.1921
0.223993 0.301522 1.16601 0.141397 0.214831 1.43169 0.0164321 0.146856 1.68491 -0.0843205 -0.0754735 1.1918
