0.169556 -0.365113 1.48404 0.106669 -0.141738 1.6655 0.0240297 0.150023 1.75596 -0.0902473 -0.135355 1.23465
0.183424 -0.328016 1.43442 0.11364 -0.125067 1.63602 0.0236393 0.150126 1.75479 -0.0894389 -0.131896 1.23056
0.197525 -0.283278 1.38489 0.120171 -0.104662 1.6056 0.0242373 0.149807 1.75204 -0.0878288 -0.128066 1.2256
0.212322 -0.230405 1.33602 0.128505 -0.0820098 1.57455 0.0244911 0.148081 1.74729 -0.0866404 -0.12426 1.22079
0.224257 -0.17547 1.29403 0.139503 -0.0572103 1.54711 0.0245807 0.148539 1.7427 -0.0850599 -0.119489 1.21677
0.233704 -0.113114 1.25692 0.151301 -0.0271259 1.52024 0.0242847 0.147815 1.73702 -0.0838242 -0.114533 1.21273
0.240063 -0.0525769 1.22801 0.162383 0.00772496 1.49892 0.0247142 0.148015 1.73175 -0.0825788 -0.109372 1.20914
0.245549 0.00596664 1.20481 0.169024 0.0446209 1.48053 0.0231997 0.147425 1.72802 -0.0828442 -0.104772 1.20648
0.245549 0.00596664 1.20481 0.169024 0.0446209 1.48053 0.0231997 0.147425 1.72802 -0.0828442 -0.104772 1.20648
0.249665 0.0591715 1.18669 0.172238 0.0795468 1.46596 0.0204862 0.145664 1.7235 -0.0848603 -0.100114 1.20466
0.252705 0.155279 1.16938 0.16673 0.141089 1.44678 0.0149172 0.144382 1.71521 -0.0856652 -0.0903326 1.2024
0.252705 0.155279 1.16938 0.16673 0.141089 1.44678 0.0149172 0.144382 1.71521 -0.0856652 -0.0903326 1.2024
0.251373 0.192861 1.16794 0.161244 0.164243 1.44282 0.0140005 0.144192 1.71177 -0.0857902 -0.0862057 1.20208
0.248993 0.224036 1.1674 0.156348 0.182535 1.43963 0.0120926 0.14602 1.70959 -0.0918087 -0.0426753 1.1704
0.24655 0.246091 1.1684 0.152203 0.196708 1.43934 0.0111122 0.145691 1.70685 -0.0874879 -0.0798028 1.20191
0.24445 0.265675 1.16956 0.147698 0.207627 1.43834 0.00982969 0.145558 1.70478 -0.0880791 -0.0781977 1.20208
0.241404 0.277737 1.17648 0.136673 0.210065 1.44206 0.00863366 0.144936 1.70207 -0.0943519 -0.038265 1.17091
0.238823 0.289005 1.17625 0.135973 0.217251 1.44157 0.008377 0.145494 1.69905 -0.0941991 -0.0370979 1.17061
0.237198 0.297656 1.17498 0.135091 0.221986 1.43991 0.00758977 0.145614 1.69719 -0.0888571 -0.076108 1.20255
