0.193183 -0.346548 1.43306 0.116358 -0.136254 1.62782 0.0256442 0.147165 1.74065 -0.0883389 -0.135237 1.22118
0.193183 -0.346548 1.43306 0.116358 -0.136254 1.62782 0.0256442 0.147165 1.74065 -0.0883389 -0.135237 1.22118
0.229432 -0.235095 1.3249 0.133919 -0.083461 1.55888 0.0274008 0.143561 1.73178 -0.0855666 -0.127768 1.21115
0.243504 -0.173669 1.27682 0.145188 -0.0524594 1.52613 0.0270017 0.143119 1.72478 -0.0841771 -0.122526 1.20682
0.255133 -0.104169 1.23497 0.157909 -0.0162851 1.49651 0.0247111 0.141905 1.71688 -0.0836412 -0.116729 1.20193
0.263941 0.0922427 1.16044 0.174369 0.100833 1.43602 0.0172713 0.141462 1.70168 -0.0852858 -0.0969295 1.19408
0.260428 0.145494 1.15199 0.171447 0.133294 1.42803 0.0155022 0.139418 1.69572 -0.0849683 -0.0923306 1.19252
0.256776 0.189797 1.14666 0.16528 0.16118 1.42196 0.0136063 0.138923 1.6912 -0.0852102 -0.0883172 1.19186
0.252089 0.227041 1.14611 0.158768 0.181908 1.41871 0.013028 0.139296 1.68746 -0.0856929 -0.0846168 1.19151
0.246478 0.257306 1.14709 0.152841 0.199147 1.41717 0.0115556 0.14056 1.68444 -0.0867405 -0.0803202 1.19154
0.240366 0.28154 1.15406 0.141237 0.207818 1.41997 0.0100831 0.140719 1.68194 -0.0877166 -0.0789034 1.19206
0.237136 0.297726 1.15493 0.137506 0.220699 1.4199 0.00935602 0.140792 1.67922 -0.0880419 -0.0767487 1.1922
0.23196 0.309793 1.16025 0.129148 0.225091 1.42318 0.00768897 0.142977 1.67744 -0.0899272 -0.0743492 1.19302
0.226622 0.321162 1.16375 0.124001 0.228722 1.4251 0.00558246 0.143968 1.67588 -0.0909424 -0.0727898 1.19382
0.224413 0.328612 1.15937 0.125197 0.234411 1.42098 0.00487449 0.143913 1.67486 -0.0909111 -0.0728298 1.19346
