0.173596 -0.342792 1.40491 0.110089 -0.136754 1.60929 0.0270325 0.148688 1.72752 -0.0878052 -0.136162 1.21667
0.195205 -0.246001 1.29763 0.12491 -0.097979 1.5442 0.0269481 0.149168 1.72188 -0.0863375 -0.128259 1.20731
0.202988 -0.186295 1.25093 0.13534 -0.0736076 1.51416 0.0250539 0.146848 1.71604 -0.0864689 -0.124231 1.20265
0.202988 -0.186295 1.25093 0.13534 -0.0736076 1.51416 0.0250539 0.146848 1.71604 -0.0864689 -0.124231 1.20265
0.213794 -0.0624128 1.1758 0.157226 -0.0101116 1.45669 0.0226354 0.145664 1.70316 -0.0851451 -0.113203 1.19462
0.215491 -0.00210588 1.1518 0.163537 0.0315182 1.43602 0.0194142 0.145369 1.69871 -0.0855794 -0.10724 1.19139
0.216221 0.0563943 1.13547 0.164525 0.0704893 1.42081 0.017027 0.143953 1.69441 -0.0860213 -0.101856 1.18934
0.215339 0.15415 1.11503 0.158183 0.139755 1.39985 0.0126326 0.143443 1.68653 -0.0925142 -0.0522153 1.15512
0.211603 0.196049 1.11859 0.139726 0.160204 1.39897 0.0119482 0.143719 1.68196 -0.0935885 -0.0484039 1.15512
0.209055 0.230062 1.11508 0.137419 0.186524 1.39413 0.0109373 0.144194 1.67759 -0.0938949 -0.0438213 1.15456
0.204927 0.261984 1.12058 0.1266 0.198765 1.39531 0.00923318 0.145213 1.67322 -0.0949087 -0.0413749 1.15489
0.201611 0.287518 1.12416 0.118952 0.210055 1.39531 0.00747241 0.145355 1.67004 -0.0959942 -0.039695 1.15479
0.198491 0.30893 1.12659 0.114026 0.219239 1.39443 0.00671059 0.145249 1.66732 -0.0902526 -0.0773095 1.18697
0.19533 0.325148 1.12807 0.110491 0.227828 1.39403 0.00523353 0.14581 1.66636 -0.0972163 -0.0352448 1.15501
0.192501 0.337001 1.13055 0.106868 0.233813 1.39466 0.00501022 0.146441 1.66568 -0.0916389 -0.0729896 1.1873
0.189939 0.345303 1.13116 0.104837 0.238602 1.39448 0.00387092 0.147402 1.66482 -0.098559 -0.0319132 1.15569
0.187008 0.350972 1.1325 0.102329 0.241407 1.39506 0.0024325 0.148537 1.66476 -0.0993383 -0.0309831 1.15601
