0.0736905 -0.334008 1.20588 0.102233 -0.154138 1.42471 0.0438753 0.095435 1.50093 -0.0799995 -0.186678 1.00179
0.0646451 -0.263805 1.15689 0.0978196 -0.150543 1.4084 0.0447078 0.0932869 1.50103 -0.087344 -0.0840492 0.985514
0.0579473 -0.187039 1.11942 0.0935623 -0.130371 1.39139 0.0446226 0.0922826 1.49962 -0.088626 -0.077762 0.982116
0.0563599 -0.0875063 1.09681 0.0842157 -0.101088 1.36244 0.0456824 0.0918359 1.50161 -0.0894422 -0.0687769 0.979372
0.0546749 0.013563 1.08837 0.0901518 -0.0634696 1.34062 0.0449882 0.0925246 1.49976 -0.089745 -0.0593817 0.977076
0.061075 0.0995323 1.08999 0.0996893 -0.0256866 1.32474 0.0452418 0.0930156 1.49663 -0.08876 -0.0516545 0.975592
0.0779742 0.170484 1.09927 0.11222 0.00817979 1.31483 0.0471169 0.0923817 1.49282 -0.0865056 -0.0452716 0.97535
0.108167 0.24393 1.09548 0.126634 0.0450568 1.29631 0.0462324 0.0933967 1.48805 -0.0838935 -0.0382948 0.973309
0.150207 0.305539 1.08828 0.148348 0.0822991 1.27549 0.0453288 0.0928216 1.48356 -0.0679588 -0.138217 0.98851
0.188072 0.293321 1.11607 0.165412 0.0657613 1.29048 0.0421266 0.0925556 1.48055 -0.0794352 -0.033376 0.973912
0.228529 0.273381 1.13536 0.178431 0.0450548 1.30308 0.0393748 0.0937562 1.47989 -0.0776684 -0.0357964 0.976245
0.267467 0.243584 1.14982 0.185233 0.0220048 1.31345 0.0375771 0.0936362 1.47925 -0.0758416 -0.0397933 0.978209
0.301651 0.19876 1.16091 0.185791 -0.00548658 1.32526 0.0358638 0.0932771 1.47813 -0.0746032 -0.0448169 0.97963
0.320701 0.149619 1.16614 0.179486 -0.031307 1.33608 0.0353587 0.0933021 1.47922 -0.0743376 -0.0494376 0.981125
0.323472 0.102231 1.16475 0.168885 -0.0551922 1.34569 0.0351641 0.0925363 1.48067 -0.0751523 -0.0539792 0.982011
0.308181 0.0595054 1.15691 0.158512 -0.0719129 1.35626 0.0354051 0.0919558 1.48221 -0.0582146 -0.162303 1.00107
0.279631 0.0246543 1.14368 0.153491 -0.0867486 1.3646 0.0366298 0.0920887 1.48377 -0.0781715 -0.0611015 0.982523
0.279631 0.0246543 1.14368 0.153491 -0.0867486 1.3646 0.0366298 0.0920887 1.48377 -0.0781715 -0.0611015 0.982523
0.236387 -0.0028189 1.12779 0.150087 -0.0944475 1.37441 0.0365551 0.0933105 1.48752 -0.0809873 -0.0635994 0.982745
0.183198 -0.0217361 1.11884 0.133653 -0.102281 1.38627 0.0385803 0.0938235 1.49047 -0.0914409 -0.165083 0.996396
0.121118 -0.0374133 1.11644 0.10698 -0.107771 1.39622 0.0398745 0.0928855 1.49218 -0.0892588 -0.0672058 0.983499
0.069069 -0.0463829 1.11755 0.0853986 -0.109485 1.39896 0.0418582 0.0918263 1.49393 -0.0928386 -0.0677699 0.983404
0.024773 -0.047222 1.11746 0.0665534 -0.109031 1.39738 0.0428408 0.093106 1.4945 -0.0961895 -0.0663448 0.982741
-0.0131511 -0.0455325 1.11659 0.0548255 -0.106289 1.39037 0.044369 0.0913268 1.4932 -0.0987776 -0.0658216 0.981536
-0.0420374 -0.0448572 1.11954 0.0481096 -0.10457 1.38532 0.0451328 0.0917049 1.49139 -0.100599 -0.0652019 0.98077
-0.0638547 -0.0434142 1.11884 0.0412672 -0.101939 1.37831 0.0454206 0.0913012 1.49028 -0.102064 -0.0649455 0.979586
-0.0781325 -0.0413001 1.11623 0.0371455 -0.0999534 1.37173 0.0452177 0.0911093 1.4892 -0.103176 -0.0647266 0.978404
-0.0867376 -0.039684 1.11095 0.0360177 -0.0996545 1.36601 0.0461056 0.0909736 1.48846 -0.103397 -0.0644557 0.977199
-0.0882923 -0.0385003 1.10961 0.0362947 -0.100504 1.36477 0.0451944 0.0921909 1.48851 -0.103568 -0.0640651 0.976877
-0.0879612 -0.038018 1.10892 0.0382728 -0.100399 1.36385 0.0462617 0.0907808 1.48799 -0.102943 -0.0645578 0.976359
