0.0762025 -0.303231 1.19286 0.104983 -0.164129 1.43737 0.0397629 0.0925027 1.50813 -0.0831695 -0.186274 1.00675
0.0762025 -0.303231 1.19286 0.104983 -0.164129 1.43737 0.0397629 0.0925027 1.50813 -0.0831695 -0.186274 1.00675
0.0685259 -0.235789 1.15258 0.107918 -0.154173 1.41922 0.0407601 0.093177 1.50905 -0.0886279 -0.0826775 0.991026
0.0646385 -0.163851 1.12415 0.106001 -0.127338 1.40469 0.0395249 0.0929784 1.50839 -0.11061 -0.233933 1.05715
0.0644216 -0.0736691 1.10815 0.103631 -0.103226 1.37796 0.0394868 0.0932363 1.50835 -0.090012 -0.0684684 0.985946
0.0657233 0.0109067 1.10169 0.108249 -0.0723767 1.35706 0.0414479 0.0924245 1.50723 -0.123702 -0.144445 1.04202
0.0748482 0.0840816 1.1055 0.116158 -0.0434228 1.34499 0.041903 0.0918609 1.50464 -0.105485 -0.148734 1.00204
0.0946668 0.144708 1.11848 0.126896 -0.0172676 1.33901 0.0436405 0.0917953 1.50137 -0.0864643 -0.0491929 0.983481
0.12073 0.190545 1.13469 0.139344 0.00403544 1.33739 0.0430312 0.0910826 1.49685 -0.118573 -0.140479 1.00827
0.15412 0.219932 1.15192 0.154005 0.0156222 1.34001 0.0405324 0.0921171 1.49213 -0.0830731 -0.0420822 0.984635
0.190879 0.231672 1.16843 0.168396 0.0157704 1.34478 0.0383396 0.0921932 1.48787 -0.0807922 -0.0420598 0.985781
0.226342 0.226789 1.1819 0.178639 0.00744958 1.35127 0.0363628 0.0930148 1.48729 -0.073799 -0.146441 1.00191
0.25679 0.206654 1.19312 0.18308 -0.00946173 1.35974 0.0348168 0.0925545 1.48727 -0.0774574 -0.0453876 0.988729
0.25679 0.206654 1.19312 0.18308 -0.00946173 1.35974 0.0348168 0.0925545 1.48727 -0.0774574 -0.0453876 0.988729
0.278281 0.173598 1.19841 0.180636 -0.0308708 1.36875 0.0336197 0.0934904 1.4887 -0.0769292 -0.0486958 0.989958
0.286308 0.128925 1.19638 0.17233 -0.0512891 1.37651 0.0315846 0.0947986 1.48989 -0.0777963 -0.0521335 0.990566
0.28162 0.082831 1.19003 0.16099 -0.0699686 1.38515 0.0323034 0.0946732 1.4923 -0.0784415 -0.0567519 0.99122
0.262468 0.0390236 1.17997 0.158592 -0.0839883 1.39749 0.0332538 0.0937731 1.4926 -0.0791882 -0.0609505 0.991219
0.23471 0.00348206 1.16694 0.164335 -0.0935855 1.41414 0.0339958 0.0942873 1.49466 -0.0801155 -0.0634456 0.991923
0.202109 -0.0219544 1.15392 0.163793 -0.099749 1.42253 0.0347662 0.0943945 1.49679 -0.0815447 -0.0656399 0.991801
0.166399 -0.0356521 1.13959 0.145463 -0.105048 1.42079 0.0344347 0.0959107 1.49871 -0.084941 -0.0664163 0.991064
0.129823 -0.0406556 1.12752 0.122479 -0.10944 1.41415 0.0349037 0.0953503 1.49998 -0.0883434 -0.0666727 0.989933
0.0947456 -0.0408464 1.11806 0.103928 -0.107683 1.40834 0.0365416 0.0945083 1.49937 -0.0907479 -0.0670813 0.988744
0.0647387 -0.0357751 1.11075 0.0887355 -0.105803 1.39944 0.0366525 0.094774 1.50006 -0.0931223 -0.0667772 0.987353
0.0426327 -0.0281455 1.10751 0.0767851 -0.103431 1.39075 0.037572 0.09464 1.49928 -0.0946931 -0.0659547 0.986363
0.0426327 -0.0281455 1.10751 0.0767851 -0.103431 1.39075 0.037572 0.09464 1.49928 -0.0946931 -0.0659547 0.986363
0.0262418 -0.0203732 1.10548 0.07005 -0.103236 1.38475 0.0382755 0.0933047 1.49795 -0.0956203 -0.0659936 0.985483
0.0157826 -0.0140183 1.10283 0.0660278 -0.103137 1.37639 0.0388138 0.0927259 1.49621 -0.0961508 -0.0658945 0.984347
0.00928513 -0.00804088 1.09961 0.064064 -0.103105 1.37004 0.0387315 0.0929992 1.49619 -0.0816659 -0.168091 1.00128
