0.0778211 -0.34778 1.18811 0.100489 -0.15869 1.40184 0.0395446 0.0958325 1.47984 -0.0895494 -0.0891085 0.976258
0.0749838 -0.281341 1.13221 0.0979647 -0.157269 1.3803 0.0407172 0.0940169 1.48024 -0.0753842 -0.183703 0.984811
0.0725439 -0.20793 1.08886 0.102826 -0.13679 1.35893 0.0404985 0.0928029 1.47918 -0.0901245 -0.0792766 0.967549
0.0746521 -0.117445 1.06155 0.103749 -0.106508 1.33609 0.0407402 0.0917471 1.47805 -0.090199 -0.0720087 0.964296
0.0788986 -0.0312364 1.04869 0.103059 -0.0795125 1.31484 0.0402904 0.0919854 1.47606 -0.0905695 -0.0645586 0.962297
0.0865675 0.0423084 1.0493 0.107045 -0.0557258 1.30251 0.0398846 0.0910269 1.47388 -0.0904713 -0.0583772 0.961184
0.102959 0.10408 1.0616 0.11504 -0.0342344 1.29708 0.0393245 0.0903911 1.47051 -0.110038 -0.156748 0.978555
0.123467 0.149293 1.07999 0.125812 -0.0205506 1.29784 0.0376312 0.0918443 1.46736 -0.0882819 -0.0487656 0.962364
0.148738 0.179796 1.10019 0.137488 -0.0123264 1.30188 0.0361878 0.0935971 1.46424 -0.0865206 -0.0454975 0.963953
0.173879 0.196653 1.11895 0.148091 -0.00900026 1.3079 0.035426 0.0940618 1.46173 -0.084693 -0.0438626 0.96549
0.173879 0.196653 1.11895 0.148091 -0.00900026 1.3079 0.035426 0.0940618 1.46173 -0.084693 -0.0438626 0.96549
0.200702 0.200076 1.13547 0.157224 -0.0121758 1.3167 0.0334816 0.095374 1.46004 -0.083053 -0.043599 0.967215
0.225981 0.191068 1.14882 0.163736 -0.02156 1.3277 0.0325635 0.0964478 1.46001 -0.0813754 -0.0445356 0.96896
0.246759 0.173362 1.15789 0.168154 -0.0348756 1.33825 0.0311339 0.0970734 1.45962 -0.0803525 -0.0465004 0.970305
0.261482 0.146662 1.16302 0.168402 -0.0512625 1.34899 0.0290961 0.0968605 1.45992 -0.0802122 -0.0498814 0.971625
0.270563 0.115917 1.16572 0.162649 -0.0675646 1.35827 0.0288229 0.096205 1.46093 -0.0803235 -0.0533516 0.972605
0.272327 0.0839301 1.16594 0.155156 -0.0809195 1.36582 0.0279097 0.098138 1.46247 -0.080933 -0.0557065 0.97352
0.26367 0.0522433 1.1609 0.147446 -0.094123 1.37275 0.0272375 0.0978465 1.46291 -0.0821158 -0.0588334 0.973968
0.247565 0.0209438 1.15276 0.144497 -0.1025 1.38171 0.0275474 0.0964051 1.46396 -0.0830775 -0.0620841 0.974518
0.223861 -0.00396649 1.14108 0.147908 -0.104712 1.38987 0.0280653 0.0973989 1.46574 -0.084115 -0.0634251 0.974645
0.193684 -0.0207475 1.12816 0.146389 -0.105666 1.39594 0.0291559 0.0968487 1.46689 -0.0858585 -0.064193 0.974338
0.161277 -0.0292386 1.11634 0.137865 -0.107027 1.39481 0.0307408 0.0962156 1.46891 -0.0880509 -0.064449 0.973724
0.129901 -0.0335523 1.10728 0.121115 -0.109423 1.39086 0.030807 0.0958533 1.46888 -0.0911014 -0.0647894 0.972642
0.129901 -0.0335523 1.10728 0.121115 -0.109423 1.39086 0.030807 0.0958533 1.46888 -0.0911014 -0.0647894 0.972642
0.100534 -0.0322164 1.10013 0.104394 -0.113747 1.38406 0.0308942 0.0965609 1.46922 -0.0940053 -0.0645364 0.971738
0.0735778 -0.0285398 1.09564 0.089023 -0.114653 1.37924 0.0323275 0.0960267 1.4708 -0.0959276 -0.0643895 0.971061
0.0525561 -0.0229178 1.09159 0.0742876 -0.111654 1.3736 0.0333039 0.0951038 1.47188 -0.0977659 -0.0639071 0.970298
0.0374162 -0.0168904 1.08899 0.0649843 -0.104612 1.36989 0.0328667 0.0946428 1.47359 -0.0994785 -0.0630858 0.969861
0.0270908 -0.0107804 1.08657 0.0634982 -0.107242 1.36301 0.033334 0.0947261 1.47322 -0.100149 -0.0625317 0.969148
