0.081589 -0.383957 1.21366 0.0982528 -0.170382 1.41398 0.0271868 0.0934402 1.46644 -0.0966176 -0.0910367 0.969592
0.079134 -0.327886 1.16441 0.100964 -0.167446 1.39881 0.0282349 0.0929076 1.46895 -0.096191 -0.0873376 0.96602
0.0775751 -0.260818 1.11949 0.106985 -0.158081 1.38055 0.0288756 0.0935287 1.47162 -0.0956437 -0.0820447 0.962568
0.076368 -0.191624 1.08337 0.110981 -0.137639 1.36108 0.0293192 0.0942764 1.47218 -0.0951385 -0.0760018 0.959316
0.0812312 -0.107272 1.06139 0.110946 -0.112147 1.339 0.0302381 0.0942516 1.47217 -0.0943787 -0.069167 0.95633
0.0845908 -0.0309202 1.04722 0.112968 -0.0856733 1.3185 0.0309157 0.0935079 1.47154 -0.0937047 -0.0631619 0.954124
0.0907534 0.0353854 1.04381 0.119382 -0.0614151 1.30429 0.032206 0.0935052 1.47041 -0.0924567 -0.0574116 0.952963
0.102609 0.0914855 1.04834 0.126428 -0.0392491 1.29575 0.0315974 0.0950071 1.46852 -0.091576 -0.0518268 0.952656
0.117483 0.135384 1.05767 0.134249 -0.0215398 1.29301 0.031018 0.0956884 1.46612 -0.0901734 -0.0478722 0.952738
0.137709 0.169807 1.07277 0.142959 -0.00892805 1.29377 0.0316678 0.095232 1.46428 -0.088216 -0.0451093 0.953541
0.160353 0.191439 1.08889 0.152577 -0.00255037 1.29784 0.0307959 0.0958418 1.46054 -0.0864459 -0.0433962 0.954561
0.185334 0.204483 1.1063 0.16356 -0.00192428 1.30308 0.0306698 0.0958611 1.45685 -0.0843235 -0.0426211 0.955818
0.212254 0.207185 1.12344 0.172929 -0.0059472 1.3098 0.0290219 0.096687 1.45522 -0.0827477 -0.0424149 0.957539
0.237247 0.199938 1.13814 0.178118 -0.016336 1.31742 0.0281546 0.0976368 1.45382 -0.0811731 -0.0432577 0.959033
0.26057 0.180904 1.14898 0.179542 -0.0309011 1.32635 0.0269575 0.0971663 1.4527 -0.0800789 -0.0458199 0.960365
0.26057 0.180904 1.14898 0.179542 -0.0309011 1.32635 0.0269575 0.0971663 1.4527 -0.0800789 -0.0458199 0.960365
0.279135 0.151314 1.15681 0.175288 -0.0473187 1.33626 0.0269111 0.0972798 1.45235 -0.079174 -0.0489313 0.961433
0.289371 0.116651 1.15889 0.168784 -0.0664067 1.34582 0.0272211 0.0967522 1.45231 -0.0788726 -0.0525661 0.962429
0.286721 0.080017 1.15628 0.160032 -0.0838236 1.35358 0.0271862 0.0966688 1.45224 -0.0796237 -0.0560979 0.963059
0.274128 0.0453055 1.1498 0.151294 -0.0955547 1.36098 0.0273525 0.0954522 1.4525 -0.0810834 -0.0593557 0.963462
0.249093 0.0191623 1.13932 0.148792 -0.102147 1.36905 0.0277826 0.0951761 1.45368 -0.082773 -0.0613693 0.963543
0.214829 0.00146678 1.12696 0.147724 -0.104928 1.37626 0.0285291 0.0945813 1.45429 -0.0850951 -0.0622555 0.963314
0.177391 -0.00942255 1.11571 0.139052 -0.106177 1.38018 0.0288053 0.0948162 1.45533 -0.0879963 -0.0624608 0.96303
0.143474 -0.0130829 1.109 0.123855 -0.108931 1.37932 0.0301881 0.0946152 1.45655 -0.0906313 -0.0625893 0.962756
0.114813 -0.0102944 1.10535 0.10912 -0.112171 1.37602 0.0320788 0.0945328 1.45815 -0.0929573 -0.16545 0.983878
0.0931477 -0.00737383 1.10209 0.09702 -0.115268 1.37284 0.0329131 0.094501 1.45892 -0.0940486 -0.0625542 0.962004
0.0769487 -0.00180759 1.10043 0.0864118 -0.114908 1.3696 0.0342579 0.0939464 1.4592 -0.0951044 -0.0623779 0.961739
0.0673836 0.00421398 1.09983 0.0761244 -0.117665 1.3643 0.0333011 0.0942455 1.4601 -0.0965546 -0.0622269 0.961237
0.0627436 0.00879108 1.09937 0.0708313 -0.116178 1.36069 0.0333146 0.0941265 1.46128 -0.0970876 -0.0619448 0.960868
0.0598217 0.0125524 1.09832 0.0661277 -0.112521 1.35754 0.0340515 0.0944647 1.46055 -0.0973 -0.0612899 0.960483
