0.0662429 -0.299634 1.17168 0.085952 -0.144125 1.39951 0.041639 0.0957574 1.50273 -0.0909346 -0.0834462 0.987993
0.0599259 -0.227009 1.12503 0.084836 -0.133308 1.38316 0.0416863 0.0952183 1.50206 -0.0914208 -0.0785758 0.984152
0.0576828 -0.145716 1.09593 0.0897285 -0.10319 1.37137 0.04109 0.0938645 1.50042 -0.0916822 -0.0722766 0.981389
0.0523067 -0.0456113 1.08033 0.0946319 -0.0833293 1.34992 0.0420876 0.0935052 1.49877 -0.0876496 -0.16599 0.993335
0.0516339 0.0425777 1.08121 0.099982 -0.0524048 1.33233 0.0413659 0.0933462 1.49635 -0.0919195 -0.0571595 0.977403
0.0573008 0.11857 1.09206 0.106407 -0.0214448 1.32214 0.042316 0.0936263 1.49351 -0.0911595 -0.0500275 0.977201
0.0688338 0.179032 1.11006 0.114235 0.00473252 1.31765 0.0399814 0.0957535 1.48963 -0.0909356 -0.0440227 0.977521
0.0896927 0.22392 1.13107 0.123452 0.0148975 1.32245 0.0378808 0.0956091 1.48606 -0.090188 -0.0404559 0.978836
0.11365 0.252884 1.15349 0.137268 0.0261318 1.32545 0.0371975 0.0951069 1.48308 -0.0882616 -0.0384091 0.980333
0.143013 0.267208 1.17156 0.14955 0.0296873 1.33001 0.0352624 0.0945185 1.48062 -0.0867269 -0.0374554 0.981774
0.177654 0.266707 1.18234 0.161695 0.0242374 1.33555 0.0338333 0.0957631 1.47906 -0.0845378 -0.037844 0.98306
0.213604 0.247002 1.18774 0.170098 0.0102233 1.34349 0.0324506 0.0970425 1.48014 -0.0824964 -0.0401562 0.984622
0.247668 0.21001 1.18858 0.174037 -0.0126571 1.35134 0.032399 0.0975384 1.4816 -0.080152 -0.0440675 0.985911
0.274573 0.157709 1.18382 0.171216 -0.0376054 1.36068 0.0309429 0.0973315 1.48237 -0.0792951 -0.0491724 0.986672
0.286162 0.104899 1.17754 0.164312 -0.0613584 1.36844 0.029866 0.0958665 1.48269 -0.0793835 -0.0548139 0.986747
0.283689 0.0538678 1.1673 0.154925 -0.08197 1.375 0.0298223 0.0964725 1.48301 -0.0800331 -0.0587281 0.987156
0.266207 0.00828918 1.15676 0.150935 -0.0959756 1.38584 0.0305781 0.0967421 1.48521 -0.0807549 -0.0624893 0.987319
0.23854 -0.0257663 1.1451 0.156965 -0.105196 1.39913 0.0315265 0.0960324 1.4879 -0.0816764 -0.0656611 0.987812
0.202786 -0.0506795 1.13477 0.157752 -0.113506 1.4083 0.0323911 0.0955136 1.48848 -0.0833944 -0.0679494 0.987644
0.164689 -0.0626375 1.12513 0.141083 -0.119335 1.41022 0.0343307 0.0942749 1.48962 -0.0860572 -0.0690266 0.986858
0.122644 -0.071904 1.12342 0.121482 -0.121634 1.41583 0.0356478 0.0927085 1.49083 -0.089376 -0.0700028 0.986921
0.0843092 -0.0719204 1.11573 0.096872 -0.119376 1.41155 0.0361864 0.0924583 1.49191 -0.0930857 -0.0697009 0.986058
0.0523931 -0.0684456 1.11182 0.0805161 -0.117626 1.40581 0.0363406 0.0938794 1.49471 -0.0957711 -0.0688984 0.985527
0.0238698 -0.0633693 1.10739 0.0684003 -0.115043 1.39904 0.0376401 0.0944481 1.49516 -0.0978542 -0.0674603 0.984845
0.000591381 -0.0602524 1.10481 0.0565896 -0.112199 1.39313 0.037229 0.0955786 1.49656 -0.0999603 -0.0663664 0.984122
-0.0156774 -0.0582715 1.10436 0.0495276 -0.1101 1.39025 0.0373577 0.0957438 1.49671 -0.101055 -0.0663215 0.983888
-0.0273076 -0.0564234 1.1031 0.0439269 -0.108228 1.38701 0.0395741 0.0943191 1.49667 -0.101222 -0.0665774 0.983304
-0.0350203 -0.0550083 1.10204 0.0409559 -0.106816 1.3853 0.0394479 0.0947207 1.49688 -0.101808 -0.0661479 0.982692
-0.0390755 -0.0542531 1.10143 0.0379615 -0.107028 1.3835 0.0412265 0.0949877 1.49683 -0.101473 -0.0657809 0.98245
