0.0744225 -0.350158 1.19935 0.0929288 -0.155157 1.40664 0.0477918 0.0921959 1.49726 -0.0687408 -0.191265 1.00065
0.0685686 -0.289202 1.14862 0.0898073 -0.154317 1.39191 0.049018 0.0917578 1.4956 -0.0848287 -0.0878254 0.980351
0.0685686 -0.289202 1.14862 0.0898073 -0.154317 1.39191 0.049018 0.0917578 1.4956 -0.0848287 -0.0878254 0.980351
0.0614613 -0.215668 1.10758 0.0875548 -0.140624 1.37538 0.0502672 0.0910309 1.49463 -0.084991 -0.0825218 0.976644
0.059462 -0.138867 1.08557 0.0866073 -0.11842 1.36394 0.0505971 0.0905166 1.49443 -0.0852217 -0.0762935 0.974728
0.056529 -0.0504794 1.07294 0.0860221 -0.0926998 1.33993 0.0505333 0.0901667 1.49323 -0.0857922 -0.0688385 0.972166
0.0552486 0.0330435 1.07176 0.090456 -0.0636516 1.32351 0.0515473 0.0900062 1.49137 -0.0854866 -0.0614521 0.97077
0.058443 0.101034 1.0796 0.0962666 -0.0378138 1.3137 0.0511964 0.0907421 1.48818 -0.0749835 -0.15768 0.985022
0.0695131 0.156943 1.09546 0.103764 -0.0150948 1.30939 0.0506935 0.0930686 1.48461 -0.0849183 -0.0485637 0.970863
0.0872866 0.201706 1.11506 0.115051 0.00252689 1.30962 0.0485279 0.0926344 1.48147 -0.0843667 -0.0444616 0.971472
0.11048 0.236091 1.13558 0.127428 0.0159011 1.31015 0.0481337 0.0918806 1.47792 -0.0827429 -0.0415781 0.972379
0.141732 0.253701 1.15664 0.140851 0.019937 1.31525 0.0466919 0.091466 1.47481 -0.0807693 -0.0402814 0.97368
0.176137 0.258219 1.17306 0.154106 0.01636 1.32109 0.0458298 0.0922582 1.47292 -0.0782914 -0.0399407 0.975055
0.21321 0.244354 1.18506 0.163081 0.00435403 1.32856 0.044145 0.0922069 1.47232 -0.0761295 -0.0416988 0.976506
0.247641 0.212928 1.1907 0.165882 -0.0146243 1.33804 0.0430435 0.0918462 1.47152 -0.0744082 -0.0450921 0.977472
0.247641 0.212928 1.1907 0.165882 -0.0146243 1.33804 0.0430435 0.0918462 1.47152 -0.0744082 -0.0450921 0.977472
0.276201 0.166893 1.18827 0.164213 -0.0351003 1.3462 0.0411455 0.0925483 1.4724 -0.0734391 -0.0494644 0.978383
0.285159 0.0666934 1.16778 0.153612 -0.0743669 1.36311 0.0405504 0.0919891 1.47539 -0.0735868 -0.0589642 0.97905
0.285159 0.0666934 1.16778 0.153612 -0.0743669 1.36311 0.0405504 0.0919891 1.47539 -0.0735868 -0.0589642 0.97905
0.262903 0.023051 1.15047 0.156557 -0.0886345 1.37389 0.0413281 0.091677 1.47879 -0.0745957 -0.0625736 0.979292
0.229131 -0.0112801 1.1339 0.158325 -0.0975909 1.38597 0.042612 0.0912004 1.48165 -0.0760356 -0.0652791 0.97926
0.184966 -0.036603 1.12295 0.148193 -0.106963 1.39483 0.0431787 0.0909151 1.48516 -0.079219 -0.0673996 0.979578
0.132492 -0.0544341 1.11846 0.122929 -0.115003 1.40251 0.044855 0.0907589 1.48703 -0.0836866 -0.0685758 0.979636
0.088302 -0.0656951 1.11839 0.101005 -0.119051 1.40836 0.0467771 0.0899007 1.48861 -0.0872208 -0.0692633 0.97998
0.0473823 -0.0683398 1.11417 0.0807234 -0.117537 1.40428 0.0483742 0.0894866 1.48933 -0.0905272 -0.0690858 0.979189
0.0114962 -0.0684177 1.10988 0.0658975 -0.117122 1.39649 0.0502516 0.087852 1.48941 -0.0930284 -0.0693232 0.978119
-0.0178533 -0.0671381 1.10954 0.0573409 -0.115606 1.38966 0.0517321 0.0888957 1.48986 -0.0948169 -0.0686096 0.977823
-0.0423893 -0.0642269 1.11096 0.0499572 -0.113363 1.38325 0.0524048 0.0890297 1.49076 -0.0963706 -0.0680393 0.977329
-0.0595531 -0.061665 1.11337 0.0429256 -0.112519 1.37898 0.0539171 0.0891333 1.4903 -0.0973674 -0.067428 0.977036
-0.0724155 -0.058975 1.1128 0.0383314 -0.112433 1.3748 0.0547887 0.0876502 1.48948 -0.09811 -0.0673779 0.976351
-0.0811104 -0.0577345 1.11338 0.0353923 -0.112249 1.37238 0.0549574 0.0869459 1.48742 -0.0987489 -0.0676164 0.975421
-0.0854971 -0.0562413 1.1132 0.0341058 -0.111795 1.36849 0.0552324 0.0864107 1.48702 -0.0990075 -0.0676715 0.975062
