0.0700076 -0.34585 1.21116 0.100973 -0.161547 1.42253 0.0436506 0.0922388 1.49331 -0.0873664 -0.0911891 0.985056
0.0660928 -0.28325 1.16218 0.0991523 -0.160231 1.40855 0.0447977 0.0910176 1.4932 -0.0874168 -0.0875405 0.981257
0.0599796 -0.212314 1.12402 0.0944876 -0.147465 1.39337 0.0444574 0.0915412 1.49415 -0.0885917 -0.0818908 0.978393
0.0599796 -0.212314 1.12402 0.0944876 -0.147465 1.39337 0.0444574 0.0915412 1.49415 -0.0885917 -0.0818908 0.978393
0.0578062 -0.0392787 1.08848 0.0887583 -0.0977908 1.35031 0.044302 0.0903 1.49029 -0.0902209 -0.0672021 0.973127
0.0612565 0.0384736 1.08634 0.0929077 -0.0691148 1.33413 0.0456978 0.0903447 1.48942 -0.0893851 -0.0600811 0.972047
0.0730231 0.104096 1.09098 0.102151 -0.0414675 1.32281 0.0454862 0.0916253 1.48685 -0.0881581 -0.0536671 0.971493
0.0942452 0.152965 1.10081 0.1149 -0.0204971 1.31726 0.0458283 0.0912169 1.48437 -0.0941315 -0.150837 0.985628
0.123638 0.1894 1.11408 0.13052 -0.00510631 1.31592 0.0440704 0.0918099 1.48054 -0.0831062 -0.15001 0.988065
0.160589 0.212994 1.12794 0.145895 0.00452101 1.31633 0.0431101 0.0913514 1.47675 -0.082066 -0.0440642 0.97332
0.202264 0.220033 1.14488 0.161522 0.00271885 1.32095 0.0415115 0.0917831 1.47389 -0.0873443 -0.145256 0.987316
0.244331 0.213434 1.1615 0.172092 -0.00555806 1.32611 0.0390937 0.0929146 1.47174 -0.0773595 -0.0443503 0.976938
0.281307 0.190012 1.17776 0.175218 -0.0209212 1.33513 0.0389457 0.0945136 1.47291 -0.0750748 -0.0468309 0.979097
0.309082 0.151916 1.18746 0.171831 -0.0396979 1.34297 0.0386467 0.0950208 1.47354 -0.0738184 -0.0498852 0.980701
0.322358 0.108318 1.18895 0.164206 -0.0629595 1.35145 0.0384853 0.0946317 1.47371 -0.0734269 -0.0550598 0.981692
0.322358 0.108318 1.18895 0.164206 -0.0629595 1.35145 0.0384853 0.0946317 1.47371 -0.0734269 -0.0550598 0.981692
0.319039 0.0624979 1.17925 0.156463 -0.0821427 1.3598 0.0384572 0.0946656 1.4751 -0.0736785 -0.0597784 0.982143
0.296675 0.0208098 1.16383 0.151854 -0.0948807 1.37074 0.0380186 0.0947218 1.47746 -0.0752781 -0.0634732 0.982369
0.261267 -0.0145244 1.14643 0.154688 -0.10372 1.38333 0.0374533 0.0942785 1.4795 -0.077234 -0.0667669 0.9824
0.216985 -0.0410792 1.13016 0.14884 -0.111061 1.39284 0.0382574 0.0928269 1.48169 -0.0861463 -0.168425 0.993948
0.166447 -0.0589837 1.11812 0.130145 -0.11708 1.39731 0.039036 0.0918495 1.48265 -0.0843149 -0.069748 0.981344
0.112123 -0.0707391 1.12355 0.102906 -0.124274 1.41205 0.0397517 0.090827 1.48472 -0.0890861 -0.0705513 0.982353
0.0669621 -0.0767471 1.12965 0.0829409 -0.12658 1.42046 0.0406833 0.0913062 1.48793 -0.0925003 -0.0708868 0.98339
0.0274024 -0.0772019 1.13213 0.0692957 -0.125118 1.42006 0.0407578 0.0929856 1.49013 -0.0955892 -0.0696466 0.983404
-0.00646927 -0.0774508 1.13208 0.0578273 -0.121406 1.41643 0.0415021 0.0935901 1.4907 -0.097848 -0.0689233 0.982573
-0.034723 -0.076405 1.13131 0.0464686 -0.118567 1.40776 0.0429952 0.091456 1.49006 -0.099827 -0.0690868 0.981352
-0.0549198 -0.0757792 1.13201 0.0373825 -0.117449 1.40129 0.0425917 0.0939668 1.49011 -0.101576 -0.0681914 0.980857
-0.0699173 -0.0754171 1.13227 0.033086 -0.116384 1.39655 0.0429539 0.0947866 1.4901 -0.102462 -0.0676172 0.980039
-0.0793079 -0.0751551 1.1319 0.0303801 -0.115641 1.39242 0.0429638 0.0950838 1.49037 -0.102945 -0.0675376 0.979319
-0.0820672 -0.0754154 1.13118 0.0263423 -0.114778 1.39226 0.0432973 0.0954631 1.49074 -0.102938 -0.0676617 0.979115
