0.0807723 -0.334839 1.19448 0.104854 -0.157928 1.4144 0.0436998 0.0942652 1.49273 -0.0794397 -0.188346 0.998124
0.0771182 -0.268402 1.14313 0.105823 -0.151651 1.39553 0.0449893 0.0935621 1.49432 -0.0863756 -0.0847548 0.980471
0.0734018 -0.192559 1.10507 0.106335 -0.132623 1.37728 0.0463231 0.0923052 1.49307 -0.0862452 -0.0789493 0.976962
0.0754026 -0.103197 1.08194 0.0998268 -0.10558 1.35433 0.0459177 0.0924481 1.49069 -0.0871052 -0.0712774 0.974143
0.0756357 -0.0194683 1.06755 0.0971305 -0.0789867 1.3302 0.0463258 0.0932316 1.48947 -0.103945 -0.164402 0.984719
0.0799058 0.0537605 1.06544 0.099902 -0.0534099 1.3157 0.0466551 0.0934527 1.48758 -0.0874234 -0.0563089 0.970561
0.0899082 0.113261 1.07137 0.107544 -0.0300532 1.30739 0.0465636 0.0941451 1.4846 -0.0865667 -0.0505023 0.970168
0.105848 0.157887 1.0825 0.11892 -0.012434 1.304 0.0453019 0.0945802 1.48094 -0.0854193 -0.0464141 0.970365
0.129289 0.191838 1.09475 0.132527 0.00134132 1.30237 0.0438003 0.094796 1.47895 -0.0836539 -0.043596 0.9709
0.157193 0.208607 1.10722 0.145514 0.00680769 1.30575 0.0436778 0.0939656 1.47721 -0.0811608 -0.0429656 0.971998
0.188438 0.212612 1.12027 0.160507 0.00407547 1.31182 0.0408805 0.0938701 1.47461 -0.0798235 -0.0429246 0.973118
0.221601 0.205611 1.13116 0.171074 -0.00432321 1.31813 0.0389492 0.0938897 1.47311 -0.0781484 -0.0441119 0.974595
0.25317 0.186357 1.14217 0.17609 -0.0180916 1.32754 0.0368024 0.0964478 1.47407 -0.0769029 -0.0453263 0.976373
0.279973 0.153207 1.15061 0.175174 -0.0372042 1.33788 0.035743 0.0981314 1.47531 -0.0758206 -0.0479045 0.978112
0.279973 0.153207 1.15061 0.175174 -0.0372042 1.33788 0.035743 0.0981314 1.47531 -0.0758206 -0.0479045 0.978112
0.29632 0.112382 1.15556 0.168643 -0.0590867 1.34797 0.0351844 0.0985856 1.47557 -0.0752385 -0.0519673 0.979269
0.286506 0.0219816 1.1467 0.152278 -0.0927028 1.3664 0.0358119 0.0991966 1.47802 -0.0762468 -0.0600892 0.980583
0.286506 0.0219816 1.1467 0.152278 -0.0927028 1.3664 0.0358119 0.0991966 1.47802 -0.0762468 -0.0600892 0.980583
0.221976 -0.0439299 1.1286 0.153356 -0.1152 1.3941 0.0343731 0.0996545 1.48273 -0.0806233 -0.065719 0.98167
0.173255 -0.0639799 1.11931 0.138012 -0.123534 1.39969 0.0361138 0.0988668 1.48472 -0.083674 -0.0679095 0.981282
0.120661 -0.0791026 1.1194 0.111636 -0.131754 1.40864 0.0368222 0.0961108 1.48629 -0.0883988 -0.0699665 0.981893
0.0774301 -0.0842052 1.11826 0.0886561 -0.131915 1.41119 0.0380566 0.0933724 1.4866 -0.0974182 -0.171688 0.996345
0.0407762 -0.0825982 1.11292 0.0699863 -0.129159 1.40553 0.0385925 0.0927708 1.48714 -0.0953452 -0.071196 0.980756
0.0111729 -0.0805284 1.11099 0.0595066 -0.126242 1.40098 0.0384494 0.0928854 1.48753 -0.0978926 -0.0708234 0.979963
-0.0133209 -0.0769553 1.10748 0.0465186 -0.121753 1.39492 0.0389981 0.0930823 1.48785 -0.0997744 -0.0702929 0.979519
-0.0299462 -0.0747651 1.10649 0.0394884 -0.119042 1.39133 0.0383737 0.0933851 1.48684 -0.101472 -0.0697188 0.978624
-0.0415217 -0.0749276 1.10572 0.0345277 -0.117446 1.3883 0.0387255 0.0933393 1.48658 -0.102454 -0.0695365 0.978198
-0.0467788 -0.0734213 1.10408 0.031893 -0.116474 1.38601 0.0384791 0.0937979 1.48755 -0.103034 -0.0690685 0.977642
-0.049176 -0.0722859 1.10139 0.0302686 -0.115826 1.38388 0.0383644 0.0933593 1.48686 -0.103273 -0.0691984 0.977143
