0.0781621 -0.308463 1.16397 0.0888516 -0.150729 1.39581 0.0385402 0.0929675 1.49352 -0.0915079 -0.0869382 0.985469
0.0727607 -0.244904 1.11953 0.0929402 -0.14525 1.37903 0.0389629 0.0924467 1.49177 -0.091764 -0.0822462 0.981675
0.0682033 -0.175434 1.08557 0.0961812 -0.124757 1.36254 0.0391833 0.0923242 1.49045 -0.0919545 -0.0762869 0.978295
0.0694461 -0.0870625 1.06762 0.0920703 -0.102419 1.33982 0.039864 0.093622 1.48985 -0.0918429 -0.0689429 0.975803
0.0694461 -0.0870625 1.06762 0.0920703 -0.102419 1.33982 0.039864 0.093622 1.48985 -0.0918429 -0.0689429 0.975803
0.0700312 -0.00573034 1.05949 0.0936332 -0.0746454 1.32185 0.0403608 0.0945783 1.48828 -0.0914013 -0.0620973 0.974334
0.0761234 0.062769 1.06278 0.101379 -0.0499879 1.31147 0.0407816 0.095837 1.48627 -0.0817854 -0.158631 0.988707
0.0902762 0.119178 1.07384 0.111624 -0.0292039 1.30687 0.0395088 0.0957207 1.48356 -0.0893528 -0.0511356 0.974012
0.112823 0.161785 1.0889 0.125762 -0.0135219 1.30649 0.0375638 0.0960762 1.48061 -0.0880021 -0.0472201 0.974726
0.138724 0.188574 1.10319 0.139832 -0.0044968 1.30905 0.034889 0.0978167 1.47845 -0.0865967 -0.0444923 0.975754
0.17059 0.200161 1.11713 0.151468 -0.00267873 1.31459 0.0339376 0.0989272 1.47756 -0.0843853 -0.0433005 0.977166
0.205855 0.196747 1.1303 0.161977 -0.00873659 1.32119 0.0320519 0.100287 1.47702 -0.0822029 -0.0438525 0.978567
0.238113 0.180095 1.14241 0.168047 -0.0224953 1.33163 0.0308862 0.100009 1.47675 -0.0804005 -0.0460498 0.980115
0.238113 0.180095 1.14241 0.168047 -0.0224953 1.33163 0.0308862 0.100009 1.47675 -0.0804005 -0.0460498 0.980115
0.283922 0.112758 1.15612 0.165441 -0.0564404 1.34996 0.0292021 0.0995686 1.47687 -0.0784362 -0.0527676 0.982312
0.289944 0.0716364 1.15704 0.157312 -0.0743111 1.35896 0.0290606 0.0992288 1.47706 -0.078651 -0.0568892 0.98289
0.282386 0.0329355 1.15447 0.149178 -0.0901883 1.36868 0.0280558 0.100169 1.47816 -0.0801095 -0.0601229 0.983522
0.234042 -0.0256909 1.13857 0.151462 -0.107436 1.39416 0.0282246 0.0996078 1.48161 -0.0829724 -0.0641823 0.984116
0.195678 -0.0411307 1.12966 0.146081 -0.110072 1.40333 0.029395 0.0992169 1.4839 -0.0852811 -0.0655337 0.984079
0.154603 -0.0472021 1.12023 0.130835 -0.111242 1.40404 0.0302781 0.0992891 1.48589 -0.0884059 -0.065683 0.983327
0.111219 -0.0479073 1.11478 0.111699 -0.110751 1.40365 0.0318979 0.0980933 1.48872 -0.0914687 -0.0664003 0.982925
0.0726544 -0.0477309 1.11402 0.0921617 -0.109214 1.40341 0.0334359 0.0996089 1.48976 -0.0943876 -0.065448 0.982621
0.0365154 -0.0403417 1.11125 0.0772891 -0.104726 1.39372 0.0335421 0.0994481 1.4916 -0.0973803 -0.0643865 0.981317
0.00878305 -0.0321687 1.11174 0.0713108 -0.103349 1.38752 0.0351792 0.0973766 1.4919 -0.0987857 -0.0646295 0.980342
-0.0138556 -0.0222129 1.11168 0.0660207 -0.104022 1.37999 0.0354205 0.0975058 1.49137 -0.10052 -0.0637018 0.979598
-0.028992 -0.0127412 1.10898 0.0616892 -0.103234 1.37203 0.0340557 0.0982593 1.4914 -0.10576 -0.162158 0.991601
-0.0370838 -0.00766142 1.11077 0.0586355 -0.101182 1.36943 0.0346619 0.098234 1.49158 -0.102734 -0.0619054 0.978294
-0.0414959 -0.00443459 1.11119 0.059441 -0.102206 1.36844 0.0340955 0.0991519 1.49175 -0.102953 -0.0614304 0.977953
-0.0430411 -0.00170693 1.11098 0.0597129 -0.101364 1.36707 0.0326389 0.0992629 1.49212 -0.103705 -0.060973 0.978037
