0.0817968 -0.345411 1.19713 0.0919507 -0.158126 1.415 0.036785 0.0962175 1.49855 -0.0912076 -0.0884374 0.988355
0.0763235 -0.284986 1.14624 0.0924175 -0.157703 1.39576 0.0366876 0.0936009 1.49697 -0.0918664 -0.0852805 0.983773
0.0712702 -0.215668 1.10705 0.0987163 -0.141064 1.37738 0.0378445 0.0920341 1.49543 -0.0914915 -0.0803715 0.979733
0.0708623 -0.12774 1.08215 0.0948782 -0.114673 1.35839 0.0374004 0.091576 1.49522 -0.0922215 -0.073118 0.977227
0.0703338 -0.0407655 1.06952 0.0962006 -0.0868618 1.33782 0.0390428 0.0912218 1.49497 -0.0919361 -0.0655174 0.974993
0.0705397 0.0356701 1.06753 0.100535 -0.060532 1.32346 0.0397563 0.0914147 1.49358 -0.0915889 -0.0586052 0.973917
0.0776886 0.100144 1.07573 0.109524 -0.0359192 1.31644 0.0408065 0.0919674 1.49163 -0.0902058 -0.0527422 0.973864
0.091444 0.153745 1.09175 0.120512 -0.0139547 1.31384 0.0412531 0.0933662 1.48896 -0.0885092 -0.0475921 0.974563
0.112219 0.193557 1.11279 0.131894 0.00161794 1.31629 0.0396077 0.0939087 1.48472 -0.0779722 -0.150467 0.994373
0.137351 0.218154 1.13353 0.145534 0.00856947 1.32254 0.0386013 0.0941573 1.48246 -0.0853938 -0.0419431 0.97693
0.164403 0.228801 1.15171 0.156913 0.00754027 1.3299 0.0366228 0.0946851 1.48044 -0.101481 -0.145217 0.993842
0.195213 0.224445 1.16456 0.167727 -0.00185577 1.33706 0.0352986 0.0948968 1.47836 -0.0820541 -0.0419694 0.979952
0.223184 0.201795 1.17031 0.172974 -0.0174739 1.34673 0.034514 0.0963563 1.47826 -0.0804032 -0.0437554 0.981186
0.24532 0.164316 1.16898 0.173353 -0.0388664 1.35608 0.0340696 0.0968912 1.47863 -0.0791495 -0.0475668 0.981666
0.24532 0.164316 1.16898 0.173353 -0.0388664 1.35608 0.0340696 0.0968912 1.47863 -0.0791495 -0.0475668 0.981666
0.256368 0.120717 1.16314 0.169588 -0.0609085 1.3649 0.034135 0.0964171 1.47867 -0.0784391 -0.0523702 0.981875
0.253477 0.0710952 1.15693 0.163796 -0.0809811 1.37614 0.0341449 0.0976117 1.47927 -0.0790376 -0.0563492 0.982743
0.237216 0.0242975 1.14785 0.166673 -0.091391 1.39095 0.03316 0.0973987 1.4807 -0.0803696 -0.0597694 0.983476
0.212507 -0.0136562 1.13857 0.165599 -0.102436 1.4046 0.0328859 0.0969809 1.48264 -0.0821487 -0.06271 0.983846
0.179552 -0.0407806 1.12689 0.153352 -0.111064 1.40759 0.0338975 0.0958838 1.485 -0.0845135 -0.0652926 0.98358
0.14567 -0.0539682 1.11581 0.135607 -0.118242 1.40381 0.0353073 0.0947298 1.48667 -0.087048 -0.0670393 0.982865
0.112686 -0.0589415 1.10461 0.115365 -0.11773 1.39727 0.0363695 0.0945354 1.48665 -0.0897829 -0.0677293 0.981721
0.0835752 -0.0594737 1.09738 0.0996282 -0.116253 1.39121 0.0372642 0.0943067 1.48775 -0.0922899 -0.0674998 0.980714
0.0572738 -0.0543507 1.09118 0.0834207 -0.115802 1.38249 0.0382802 0.0939146 1.48837 -0.0943983 -0.0673232 0.979426
0.0376406 -0.0465012 1.08821 0.0756815 -0.109516 1.37723 0.0386731 0.0946025 1.49056 -0.0960391 -0.0657878 0.979122
0.0219539 -0.0383271 1.08526 0.0713933 -0.104899 1.3711 0.0382703 0.0955987 1.4901 -0.0972654 -0.0648306 0.97867
0.0115881 -0.0295678 1.08251 0.0691559 -0.102095 1.36442 0.0374746 0.0969734 1.49126 -0.0982665 -0.0633438 0.978161
0.00511185 -0.0231951 1.08044 0.0654565 -0.0992398 1.35834 0.0379432 0.0978499 1.49294 -0.0984317 -0.0625853 0.977994
