0.140386 -0.270347 1.13813 0.0928749 -0.13418 1.37424 0.0446627 0.0954806 1.49249 -0.083513 -0.0825988 0.980078
0.130582 -0.212887 1.10454 0.104167 -0.127336 1.36731 0.0449091 0.0959218 1.49144 -0.0837235 -0.0776734 0.977917
0.122801 -0.150122 1.11951 0.115727 -0.103221 1.39878 0.0452263 0.0946389 1.48848 -0.0675513 -0.17284 0.996333
0.118689 -0.0741753 1.13377 0.121867 -0.0727475 1.41522 0.0461455 0.0933904 1.48578 -0.083927 -0.0651557 0.982148
0.115429 0.00356911 1.1373 0.116709 -0.0484505 1.3959 0.0460263 0.0941229 1.48339 -0.0843672 -0.0588319 0.980935
0.118329 0.0871577 1.12381 0.120419 -0.0186803 1.36393 0.0455859 0.0963854 1.47963 -0.0843692 -0.0508311 0.977833
0.13039 0.15893 1.11669 0.13305 0.00958347 1.33633 0.0450065 0.0969085 1.47717 -0.0832782 -0.0443382 0.975547
0.158832 0.226666 1.10457 0.146344 0.0383021 1.31029 0.0436843 0.0972709 1.47366 -0.0814553 -0.0382297 0.973004
0.158832 0.226666 1.10457 0.146344 0.0383021 1.31029 0.0436843 0.0972709 1.47366 -0.0814553 -0.0382297 0.973004
0.197955 0.285063 1.09307 0.167971 0.0701372 1.28377 0.0406293 0.0986473 1.47134 -0.0792586 -0.0317158 0.970698
0.228007 0.268435 1.11849 0.180388 0.0496761 1.29821 0.0387263 0.0974463 1.46921 -0.0777143 -0.0347819 0.973393
0.261607 0.244868 1.13668 0.187395 0.0286392 1.31002 0.0364401 0.0965269 1.46729 -0.0763556 -0.0387662 0.975647
0.292768 0.209392 1.15147 0.19003 0.00318391 1.32216 0.0347459 0.0964963 1.46788 -0.0752633 -0.0422755 0.977586
0.315343 0.168506 1.15917 0.186793 -0.0216793 1.33214 0.0342391 0.0974975 1.46955 -0.0745015 -0.0458424 0.979466
0.323296 0.124605 1.1624 0.17925 -0.0453933 1.34215 0.0330595 0.0980929 1.47112 -0.0748873 -0.0500939 0.980888
0.320031 0.0807239 1.15818 0.167946 -0.0668345 1.35018 0.0328319 0.098566 1.47284 -0.0760172 -0.0545106 0.981567
0.305713 0.0409998 1.14841 0.156338 -0.0848851 1.35816 0.0322427 0.0985057 1.47386 -0.0778368 -0.0591576 0.981689
0.280918 0.00581458 1.13538 0.149772 -0.0965174 1.36535 0.0322941 0.0972046 1.47598 -0.0717581 -0.246366 1.00935
0.246523 -0.0235371 1.12379 0.15346 -0.103117 1.37685 0.0331534 0.0962442 1.47738 -0.0811411 -0.0656718 0.982105
0.205755 -0.0473258 1.11313 0.148482 -0.109882 1.38538 0.0338373 0.0959126 1.47937 -0.0835933 -0.0674094 0.982099
0.159158 -0.063349 1.10567 0.132315 -0.117157 1.39047 0.0352421 0.094754 1.48115 -0.0868791 -0.0687645 0.981773
0.111188 -0.0752804 1.10804 0.108665 -0.124361 1.39957 0.0368024 0.0936523 1.48243 -0.0906641 -0.0698382 0.98222
0.073698 -0.0790908 1.10917 0.0884026 -0.125429 1.40419 0.0384865 0.0927924 1.48392 -0.0933963 -0.0705116 0.982288
0.0424172 -0.0770544 1.1043 0.0736893 -0.122277 1.39808 0.0389107 0.0918735 1.48497 -0.101776 -0.169541 0.994093
0.0424172 -0.0770544 1.1043 0.0736893 -0.122277 1.39808 0.0389107 0.0918735 1.48497 -0.101776 -0.169541 0.994093
-0.0045335 -0.0700519 1.10255 0.0524925 -0.115155 1.3913 0.0389951 0.0956752 1.48877 -0.0995004 -0.0675948 0.98066
-0.0185871 -0.0647956 1.09918 0.0475086 -0.110717 1.38611 0.0403111 0.0966194 1.49046 -0.0999911 -0.0661847 0.979951
-0.0185871 -0.0647956 1.09918 0.0475086 -0.110717 1.38611 0.0403111 0.0966194 1.49046 -0.0999911 -0.0661847 0.979951
-0.0276193 -0.060811 1.09432 0.0434296 -0.107794 1.37974 0.0412452 0.0973365 1.49057 -0.100171 -0.0653395 0.979083
