0.0800122 -0.284157 1.14571 0.0971619 -0.145449 1.38355 0.0441048 0.0940129 1.48885 -0.0875335 -0.0851918 0.978336
0.0742141 -0.20941 1.10038 0.101526 -0.125695 1.36373 0.0455894 0.0920002 1.48599 -0.0775921 -0.178777 0.988164
0.0747078 -0.11367 1.07248 0.0985648 -0.0978474 1.3422 0.0461792 0.0906058 1.48422 -0.0880225 -0.0715229 0.970766
0.072749 -0.023111 1.05541 0.0980541 -0.0663975 1.31808 0.0467545 0.0911732 1.4841 -0.0882386 -0.063097 0.968334
0.0739464 0.0555997 1.05091 0.100842 -0.0354392 1.30317 0.0462681 0.0926568 1.48215 -0.0882621 -0.0553304 0.966892
0.0809149 0.12219 1.055 0.108092 -0.00567088 1.29468 0.044705 0.0949858 1.47943 -0.0880698 -0.0482108 0.966574
0.094028 0.175898 1.06418 0.119247 0.0193905 1.29038 0.0443602 0.0952645 1.47642 -0.086866 -0.0430314 0.966698
0.11322 0.215643 1.07557 0.131935 0.0372347 1.28899 0.0434833 0.0955466 1.47404 -0.085292 -0.0394195 0.967292
0.138984 0.241243 1.08876 0.143946 0.0463477 1.29055 0.0426048 0.0957327 1.47224 -0.0833842 -0.0374505 0.96842
0.138984 0.241243 1.08876 0.143946 0.0463477 1.29055 0.0426048 0.0957327 1.47224 -0.0833842 -0.0374505 0.96842
0.16751 0.253229 1.10195 0.157562 0.0458055 1.29389 0.0410524 0.0951135 1.47102 -0.0815765 -0.0371421 0.969665
0.197522 0.252235 1.11479 0.168952 0.038672 1.30024 0.039243 0.0939087 1.46893 -0.0993272 -0.140478 0.982474
0.228826 0.239939 1.12421 0.177287 0.0260734 1.30627 0.0372904 0.0936447 1.46785 -0.0783838 -0.0401455 0.972023
0.258804 0.215464 1.13328 0.180401 0.00881897 1.31425 0.037317 0.0932084 1.46929 -0.0765715 -0.0428459 0.973475
0.282279 0.179203 1.14055 0.179001 -0.0118855 1.32463 0.0360592 0.092999 1.47038 -0.0757078 -0.0466281 0.974982
0.292736 0.138046 1.14236 0.172974 -0.0327184 1.33528 0.0358668 0.0928523 1.4712 -0.0754677 -0.0512273 0.975959
0.290906 0.0989727 1.13963 0.165639 -0.0507341 1.34296 0.0347608 0.0930824 1.47214 -0.076434 -0.0548021 0.976721
0.279001 0.0635383 1.13258 0.15651 -0.067592 1.35018 0.0332517 0.0943041 1.47274 -0.078368 -0.0577156 0.977024
0.254834 0.0317809 1.1227 0.150296 -0.0773542 1.3582 0.0329141 0.0946285 1.47437 -0.0801779 -0.0604092 0.976852
0.220954 0.00733718 1.11107 0.149361 -0.08081 1.36617 0.0334606 0.0944491 1.47607 -0.0821115 -0.0621537 0.976858
0.176911 -0.0113673 1.10114 0.134411 -0.0856875 1.37294 0.0345717 0.0936941 1.47937 -0.0685544 -0.166597 0.993109
0.122409 -0.029587 1.10208 0.116261 -0.091834 1.38462 0.0362049 0.0934833 1.48086 -0.0889788 -0.0652955 0.977411
0.074614 -0.0404999 1.1053 0.0958266 -0.097963 1.39084 0.0375293 0.0933319 1.4821 -0.0927067 -0.0659946 0.977965
0.0333435 -0.0470977 1.10859 0.0778874 -0.0987812 1.39134 0.037707 0.0933442 1.48345 -0.0961423 -0.0663078 0.978178
-0.0015744 -0.0476593 1.10811 0.0652386 -0.100555 1.38604 0.0383543 0.0932468 1.48369 -0.0987737 -0.0662292 0.97734
-0.030146 -0.0468492 1.10841 0.0538876 -0.101084 1.3811 0.0382441 0.0936996 1.48346 -0.101141 -0.0661474 0.976796
-0.0509635 -0.0446928 1.10853 0.0447086 -0.0994321 1.3754 0.0388311 0.0929012 1.48279 -0.102589 -0.0663235 0.975957
-0.065048 -0.0439443 1.10855 0.0392758 -0.0984844 1.37066 0.0397654 0.0922308 1.48156 -0.103353 -0.0665295 0.975135
-0.0769867 -0.0422963 1.10631 0.0356803 -0.0968575 1.363 0.0407163 0.0928068 1.48163 -0.103776 -0.0663332 0.974386
-0.0771711 -0.0421016 1.10712 0.037048 -0.098554 1.36385 0.0419298 0.091779 1.48061 -0.103205 -0.0666634 0.974001
-0.0755705 -0.0410967 1.1059 0.0378331 -0.0995423 1.3627 0.0408235 0.0913307 1.48008 -0.103609 -0.0668912 0.973794
