0.0714991 -0.328071 1.18904 0.0962538 -0.150551 1.40402 0.0428323 0.0918748 1.48324 -0.0890996 -0.0892686 0.983744
0.0655178 -0.268321 1.14017 0.0949097 -0.150688 1.38864 0.0425953 0.0932069 1.4829 -0.0895133 -0.0851565 0.980257
0.0599933 -0.198962 1.09955 0.0937792 -0.135634 1.36988 0.0431807 0.093101 1.48187 -0.0896029 -0.079813 0.976575
0.0611193 -0.115323 1.07431 0.093584 -0.106266 1.35267 0.0430157 0.0922069 1.48177 -0.0757117 -0.173714 0.989625
0.0650245 -0.0285306 1.05987 0.0922729 -0.0786476 1.32749 0.0432623 0.0917053 1.48066 -0.0901233 -0.0653221 0.971629
0.0737866 0.0488845 1.05942 0.0989907 -0.0524003 1.31283 0.0428137 0.0912271 1.47862 -0.0897074 -0.0586976 0.970834
0.0878878 0.114483 1.06844 0.109798 -0.0262443 1.30486 0.0428294 0.0918982 1.47532 -0.0883564 -0.0525154 0.970669
0.0878878 0.114483 1.06844 0.109798 -0.0262443 1.30486 0.0428294 0.0918982 1.47532 -0.0883564 -0.0525154 0.970669
0.109371 0.170484 1.08717 0.125076 -0.00294699 1.30287 0.0429411 0.0918843 1.47192 -0.0722201 -0.152112 0.988404
0.135793 0.214549 1.11129 0.140637 0.0138208 1.30451 0.0411145 0.0915792 1.46749 -0.0906508 -0.146164 0.98831
0.168843 0.244972 1.1384 0.155576 0.0234885 1.30827 0.0390023 0.0917783 1.4632 -0.082535 -0.0410696 0.974717
0.204481 0.259618 1.16184 0.169332 0.023692 1.31333 0.0368073 0.0929007 1.45972 -0.0804716 -0.0397553 0.9764
0.239597 0.253448 1.18043 0.177973 0.0138252 1.32079 0.0350542 0.0928815 1.45802 -0.0786553 -0.0407302 0.977954
0.27042 0.232622 1.19066 0.18048 -0.0022804 1.32821 0.033039 0.0943791 1.45784 -0.077379 -0.0427121 0.979257
0.29287 0.191912 1.19412 0.17627 -0.0257492 1.33744 0.0312843 0.0956647 1.46003 -0.0775343 -0.230699 1.00265
0.305188 0.144841 1.18737 0.168135 -0.0490306 1.34341 0.030501 0.0955629 1.46063 -0.0768002 -0.0515726 0.98021
0.298903 0.0988442 1.17467 0.157246 -0.0697968 1.35095 0.0299558 0.0951095 1.462 -0.0778867 -0.0564819 0.979923
0.278054 0.0581546 1.15584 0.150351 -0.0862865 1.35862 0.0310917 0.0944726 1.46441 -0.0843039 -0.158811 0.989667
0.243028 0.0228799 1.13674 0.145417 -0.0957779 1.36761 0.031938 0.0941899 1.46715 -0.0814768 -0.0628827 0.978762
0.199876 -0.00451337 1.12247 0.137252 -0.103079 1.3774 0.0328045 0.092788 1.46986 -0.0843176 -0.0656579 0.978534
0.153792 -0.0255188 1.10991 0.12394 -0.109445 1.38213 0.0327561 0.0927945 1.47208 -0.088009 -0.0671626 0.977851
0.104186 -0.0422129 1.11063 0.102388 -0.112494 1.39373 0.033713 0.0923118 1.47363 -0.0921239 -0.0681597 0.978342
0.0612338 -0.0520622 1.1128 0.0850361 -0.113505 1.3991 0.0350229 0.091824 1.47586 -0.0953272 -0.0687408 0.978374
0.0233868 -0.0567786 1.11214 0.0705985 -0.112097 1.39475 0.0364218 0.0913723 1.47667 -0.0978801 -0.0690821 0.977695
-0.00859752 -0.0576742 1.11036 0.0591472 -0.108882 1.38844 0.0377459 0.0913509 1.47698 -0.0998375 -0.0688731 0.976529
-0.033052 -0.0574107 1.10987 0.0517793 -0.109646 1.38218 0.0384001 0.0924682 1.47641 -0.101305 -0.0684154 0.975542
-0.0624435 -0.0544817 1.1084 0.0398256 -0.107533 1.37216 0.0394778 0.0926165 1.47656 -0.103115 -0.0678922 0.974061
-0.0691868 -0.0538128 1.10924 0.036213 -0.106873 1.37022 0.0397264 0.0936377 1.47749 -0.103474 -0.0675454 0.973763
-0.0728052 -0.0535141 1.10991 0.037747 -0.10576 1.36996 0.0404415 0.0931789 1.4779 -0.103231 -0.0674749 0.973303
-0.075109 -0.0529333 1.10761 0.037324 -0.104991 1.36825 0.0413761 0.0938255 1.47793 -0.102838 -0.067247 0.972545
